20080906_194803 45.8560 26.4780 14.0 4.18  95 20   30 0.7914
20081001_224737  42.590   13.287 15.0 3.20 320  75  -90 0.5305
20081223_152421  44.544   10.345 22.0 5.21  95  55   80 0.7429
20081223_215826  44.527   10.355 22.0 4.61  95  50   85 0.5410
20081225_030829  44.556   10.309 19.0 3.88 115  60   80 0.3617
20090108_120405 41.7670 20.8040 17.0 4.73 110 60  -45 0.8802
20090317_011250  41.986   14.017  6.0 3.66 315  75  -75 0.4753
20090329_084307  41.985   14.002  6.0 3.84 320  90  -90 0.5796
20090330_133838  42.326   13.362 10.0 4.08  10  45  -35 0.5311
20090330_134326  42.303   13.364 10.0 3.53 340  35  -80 0.5226
20090330_190528  42.316   13.373 11.0 3.29 185  50  -25 0.5953
20090330_215717  42.316   13.375 11.0 3.46 335  35  -85 0.5977
20090403_044442  42.327   13.358 11.0 3.15 180  50  -45 0.7214
20090405_204854  42.332   13.372 10.0 3.92  10  45  -35 0.5277
20090405_223941  42.341   13.380  9.0 3.47  20  60  -30 0.4634
20090406_013239  42.334   13.334  5.0 6.27 315  60  -85 0.7406
20090406_022746  42.374   13.342 11.0 4.10 175  65  -75 0.3530
20090406_023704  42.366   13.340 10.0 4.85 205  30  -20 0.4712
20090406_035645  42.336   13.387 10.0 4.28 190  35  -40 0.3876
20090406_040845  42.376   13.356  7.0 3.33  20  40  -35 0.4067
20090406_044753  42.352   13.347  8.0 3.88 270  15   50 0.5267
20090406_062105  42.317   13.416 12.0 3.54 320  30  -80 0.5924
20090406_064815  42.303   13.383  5.0 3.25 200  85  -35 0.4598
20090406_071710  42.355   13.367  6.0 4.03 335  35  -75 0.3428
20090406_072845  42.347   13.390  7.0 3.37  35  55  -15 0.5967
20090406_073941  42.324   13.371  7.0 3.47 160  50  -90 0.4929
20090406_084013  42.364   13.366  7.0 3.37   5  45  -50 0.5584
20090406_093012  42.373   13.341  9.0 3.27   5  50  -40 0.4640
20090406_094702  42.264   13.393  4.0 3.19 235  25   30 0.5200
20090406_095929  42.322   13.381  9.0 3.32 205  65   -5 0.5656
20090406_103618  42.343   13.402  6.0 3.31  15  50  -35 0.4716
20090406_125516  42.372   13.353  6.0 3.40 345  60  -80 0.4786
20090406_141438  42.365   13.338  9.0 3.52 350  45  -60 0.4904
20090406_160618  42.234   13.483  8.0 3.08 160  70  -80 0.6084
20090406_163809  42.362   13.333 11.0 4.40 190  40  -45 0.5073
20090406_165726  42.346   13.307  7.0 3.30   5  50  -35 0.5836
20090406_174004  42.376   13.334  7.0 3.37 345  30  -65 0.6230
20090406_200334  42.213   13.479  7.0 3.30 350  35  -60 0.6002
20090406_215653  42.396   13.323  8.0 3.79  10  75  -25 0.5144
20090406_224713  42.349   13.293 10.0 3.60 335  40  -55 0.5149
20090406_231537  42.451   13.364  9.0 4.94 160  40  -80 0.4330
20090406_234934  42.349   13.378  5.0 3.20 155  50  -60 0.4707
20090407_015203  42.432   13.393  8.0 3.30 340  40  -85 0.5101
20090407_092628  42.342   13.388 12.0 4.87   0  30  -60 0.3661
20090407_102910  42.331   13.406  7.0 3.14 160  60  -75 0.5990
20090407_122928  42.437   13.403  7.0 3.59 335  35  -85 0.6330
20090407_174737  42.275   13.464 18.0 5.50 340  75  -60 0.6232
20090407_213429  42.380   13.376  5.0 4.14 165  60  -40 0.4730
20090407_213906  42.361   13.363  8.0 3.61   0  45  -55 0.6314
20090407_222950  42.284   13.489  7.0 3.29  50  25  -35 0.4974
20090407_224342  42.328   13.486  0.5 2.99 140  40  -90 0.5343
20090408_030034  42.299   13.459  7.0 3.76   0  25  -50 0.3667
20090408_042741  42.305   13.467  7.0 3.92   5  25  -45 0.3859
20090408_103409  42.352   13.381  5.0 3.47 340  40  -80 0.3412
20090408_113557  42.355   13.328  7.0 3.35  15  55  -15 0.5077
20090408_130228  42.502   13.367  6.0 3.03 315  25  -90 0.5149
20090408_175835  42.364   13.396  2.0 3.32 335  55  -75 0.5485
20090408_211104  42.297   13.570  0.5 3.02 155  50  -75 0.4859
20090408_225650  42.507   13.364  8.0 3.86 160  25  -50 0.5144
20090408_231806  42.391   13.325  6.0 3.50 350  40  -60 0.6084
20090409_005259  42.484   13.343  8.0 5.23 150  25  -80 0.4614
20090409_023726  42.498   13.335  7.0 3.19 125  25  -95 0.6060
20090409_031452  42.338   13.437 16.0 4.33 330  85  -55 0.5379
20090409_034155  42.510   13.332  7.0 3.20 335  40  -80 0.5278
20090409_042945  42.504   13.345  7.0 3.11 330  55  -70 0.5558
20090409_043244  42.445   13.420 11.0 4.19  15  65  -30 0.3879
20090409_044309  42.506   13.366  7.0 3.69 325  35  -80 0.5508
20090409_061029  42.491   13.397  5.0 3.04 200  65  -55 0.4657
20090409_093106  42.361   13.390  5.0 3.22 340  30  -75 0.4558
20090409_130029  42.299   13.467  6.0 3.23  45  50  -10 0.3626
20090409_131933  42.338   13.259  9.0 3.79 330  50  -65 0.4720
20090409_151814  42.308   13.495  5.0 3.36 350  30  -50 0.3181
20090409_193816  42.501   13.356  8.0 4.99 160  50  -60 0.3046
20090409_204701  42.493   13.305  7.0 3.12 320  60  -75 0.5349
20090409_210949  42.510   13.335  6.0 3.08 345  45  -60 0.5291
20090409_224006  42.481   13.298 10.0 3.71 315  85  -80 0.6534
20090410_032222  42.470   13.417  4.0 3.67 135  45  -75 0.4350
20090410_043304  42.458   13.350 10.0 3.34 180  15  -35 0.6175
20090410_064131  42.520   13.339  6.0 3.07 330  35  -75 0.5516
20090410_115309  42.243   13.484  7.0 3.32 340  30  -50 0.4769
20090410_152243  42.248   13.484  7.0 3.29   0  35  -20 0.4756
20090410_190721  42.375   13.393  2.0 3.14 130  40 -100 0.3181
20090410_191839  42.344   13.358  9.0 3.10 340  40  -55 0.4396
20090411_053900  42.386   13.402  7.0 3.44 330  40  -75 0.5915
20090411_061326  42.469   13.417  5.0 3.19 145  55  -90 0.5347
20090411_065702  42.387   13.406  8.0 3.26 135  45  -95 0.5660
20090411_070414  42.391   13.406  8.0 3.31 325  40  -80 0.5114
20090411_154229  42.523   13.316  7.0 3.21 340  35  -70 0.4815
20090411_195353  42.347   13.525  0.5 3.04 315  45  -95 0.5073
20090412_032935  42.536   13.316  7.0 3.16 340  40  -75 0.4777
20090412_094859  42.352   13.386  6.0 3.40  15  50  -40 0.5528
20090412_180516  42.395   13.394  2.0 3.21 135  50  -85 0.4748
20090412_180942  42.271   13.498  6.0 2.92 160  70  -80 0.3495
20090413_070830  42.268   13.484  7.0 3.23 140  55  -75 0.5111
20090413_084108  42.271   13.505  7.0 3.17 170  65  -35 0.6010
20090413_133604  42.444   13.440  7.0 3.65  15  60  -30 0.5765
20090413_190949  42.360   13.348  9.0 3.73  10  40  -50 0.4873
20090413_191757  42.360   13.354  9.0 3.55  10  35  -35 0.4918
20090413_200824  42.365   13.371  6.0 3.01 350  35  -50 0.3477
20090413_211424  42.504   13.363  9.0 4.89 155  55  -80 0.4628
20090414_073644  42.495   13.395  6.0 3.00 345  40  -40 0.6260
20090414_090807  42.256   13.489  8.0 3.16  -5  25  -50 0.5498
20090414_135621  42.543   13.312  6.0 3.84 155  50  -90 0.4430
20090414_172730  42.527   13.295  6.0 3.75 330  40  -80 0.5475
20090414_192802  42.536   13.307  7.0 3.35 345  50  -70 0.5098
20090414_201727  42.530   13.288  9.0 3.82 175  50  -55 0.5304
20090414_205309  42.549   13.302  6.0 3.28 330  45  -90 0.5870
20090415_114440  42.287   13.474  7.0 3.30  15  25  -40 0.5078
20090415_193644  42.522   13.286  5.0 3.41 155  20  -65 0.5739
20090415_195557  42.466   13.365  8.0 3.04 195  40  -20 0.4579
20090415_225307  42.505   13.312  8.0 3.88 160  50  -65 0.4392
20090416_054454  42.289   13.404  8.0 3.39 350  40  -60 0.4987
20090416_174930  42.540   13.289  7.0 3.76 165  30  -70 0.5234
20090418_090556  42.441   13.361 10.0 3.71 175  30  -45 0.6071
20090418_110721  42.265   13.494  6.0 3.53 150  65  -75 0.5298
20090418_130308  42.332   13.500  1.0 2.81 305  50  -95 0.4308
20090419_123950  44.727    7.845 33.0 3.69 165  80  -30 0.5201
20090420_022215  42.376   13.318  9.0 3.01  -5  40  -75 0.5230
20090420_071314  42.407   13.349  7.0 3.05  -5  65  -65 0.6194
20090420_114306  42.278   13.503  7.0 3.03 170  70  -35 0.6304
20090421_154436  42.330   13.366 10.0 3.53   0  40  -60 0.5899
20090421_162056  42.512   13.313  8.0 2.98 150  20  -75 0.5442
20090422_123225  42.578   12.827  3.0 3.31   5  45  -80 0.4792
20090423_151408  42.247   13.492  7.0 3.84 345  30  -50 0.5456
20090423_214900  42.233   13.479  7.0 4.06 345  35  -65 0.6110
20090424_043617  42.263   13.466  7.0 3.26   0  20  -45 0.5244
20090424_133853  42.519   13.348  5.0 3.23 350  45  -60 0.5640
20090424_142407  42.386   13.394  1.0 3.04 145  40  -75 0.4203
20090424_155345  42.309   13.465  6.0 3.19 350  25  -55 0.4374
20090424_225129  42.267   13.508  7.0 3.14 165  65  -40 0.7459
20090425_020823  42.294   13.454  6.0 3.22   5  25  -45 0.4983
20090425_111304  42.416   13.334  8.0 3.07   5  70  -25 0.5116
20090425_131731  42.264   13.495 10.0 3.13 145  50  -75 0.6692
20090426_175606  42.456   13.378  8.0 2.93 325  40  -60 0.4796
20090430_091355  42.355   13.425  2.0 2.93 165  45  -60 0.3914
20090430_130101  42.361   13.364  7.0 3.52   5  40  -40 0.6103
20090501_051251  42.280   13.470  7.0 3.69   5  15  -45 0.5349
20090502_201500  42.263   13.495  1.0 3.12  35  75   15 0.5585
20090503_051443  42.365   13.390  5.0 3.27 345  35  -70 0.4128
20090505_104403  42.282   13.498  4.0 3.10  45  35  -10 0.5334
20090505_180341  42.270   13.509  7.0 3.28 330  30  -95 0.5094
20090508_010247  42.268   13.583  1.0 3.18  30  55  -70 0.4655
20090509_090940  42.350   13.359  9.0 3.37 340  35  -70 0.5286
20090510_160007  42.301   13.479  1.0 3.25 345  45  -75 0.4979
20090511_165904  42.491   13.366  7.0 3.25 170  30  -60 0.5938
20090514_063022  42.501   13.406  6.0 3.50 155  55  -85 0.5491
20090514_063233  42.481   13.410  6.0 3.43 325  35  -95 0.5324
20090514_203054  42.368   13.318 10.0 3.35 140  80  -75 0.6093
20090523_172422  42.501   13.303  6.0 3.04 315  65  -90 0.5467
20090525_163728  42.256   13.568  1.0 3.18 340  50  -75 0.4269
20090530_025509  42.356   13.341  9.0 3.57   5  40  -50 0.5452
20090531_090949  42.271   13.554  1.0 2.94 145  40  -90 0.5124
20090604_124031  42.244   13.540  5.0 3.20 310  25 -100 0.4306
20090607_192134  42.350   13.483  1.0 3.29 315  50  -70 0.4965
20090608_124947  42.351   13.462  1.0 2.85 300  50  -85 0.5271
20090611_070449  42.335   13.438  6.0 3.30 330  20  -65 0.5502
20090615_152131  42.439   13.445  5.0 2.98 145  20 -100 0.4770
20090616_185257  42.297   13.391 12.0 3.06   0  40  -45 0.4770
20090619_194709  42.302   13.383 10.0 3.15 160  40  -80 0.6193
20090620_054115  42.332   13.377  9.0 3.03 -10  35  -70 0.5362
20090621_005517  42.282   13.489  8.0 3.14  20  30  -60 0.4126
20090621_163111  42.567   13.195  3.0 3.19 325  40  -80 0.4976
20090622_205840  42.446   13.356 10.0 4.39 320  90  -75 0.7370
20090622_224920  42.441   13.333 10.0 2.90 140  85   65 0.6804
20090623_004156  42.441   13.369 10.0 3.75 190  15  -30 0.6833
20090623_083508  42.462   13.347  9.0 3.43 320  85  -70 0.5157
20090623_205850  42.445   13.360 10.0 3.12 180  20  -45 0.5661
20090625_161457  42.569   13.193  4.0 3.03 315  30  -90 0.5271
20090625_210008  42.570   13.206  5.0 3.55 145  50  -80 0.5741
20090625_233154  43.256   13.085  6.0 3.13 175  55  -65 0.4202
20090626_071430  42.567   13.189  5.0 3.44 340  40  -75 0.5376
20090628_175727  44.300    9.949  6.0 3.23 335  60  -65 0.5515
20090629_055433  42.463   13.366 10.0 3.21 335  65  -60 0.5393
20090630_003810  42.569   13.198  4.0 3.44 135  50  -95 0.5275
20090703_011407  42.320   13.378  8.0 3.48 355  40  -70 0.5255
20090703_094353  42.328   13.361 10.0 3.43 350  40  -65 0.4932
20090703_110307  42.409   13.387  2.0 3.68 310  55  -70 0.4425
20090703_231255  42.276   13.403  2.0 3.15 165  40  -45 0.3607
20090706_070218  42.451   13.314 10.0 3.02 145  80   50 0.6042
20090712_083851  42.338   13.378  9.0 4.09 350  40  -65 0.6181
20090712_221424  42.338   13.398  9.0 3.70 335  35  -70 0.6161
20090715_005806  42.466   13.284  4.0 2.75 125  60  -65 0.4080
20090719_124956  42.393   13.407  0.5 3.19 350  55  -80 0.5665
20090723_223732  42.251   13.500  9.0 3.27 145  60  -60 0.6291
20090731_110540  42.247   13.505  6.0 3.92 145  65  -95 0.5446
20090802_223928  42.365   13.391  5.0 3.28 340  40  -70 0.5700
20090804_162218  41.738   14.224 17.0 3.20  25  80  -20 0.4549
20090804_214254  41.731   14.238 15.0 3.28  30  80  -25 0.5352
20090806_153644  41.632   13.666 13.0 4.06 350  65  -50 0.5261
20090812_145133  42.347   13.312  7.0 3.34 185  20  -35 0.7149
20090816_071126  42.483   12.705  6.0 3.10  20  35  -65 0.4482
20090820_034407  42.234   13.523  7.0 3.35  15  35  -35 0.4679
20090821_133956 41.81   19.18   18.0 4.95 320 30   80 0.6564
20090826_231828  42.577   13.162  3.0 3.03 320  50  -90 0.5589
20090831_140910  42.246   13.515  7.0 3.29  25  20  -25 0.5210
20090906_214942 41.47   20.40    5.0 5.27  10 35  -90 0.7710
20090911_063437  46.545    9.692 11.0 3.04 345  55  -45 0.5770
20090914_200431  44.012   11.284  6.0 4.12 145  50  -65 0.5284
20090921_220127  42.739   12.491  2.0 3.08 145  45  -85 0.4523
20090924_161457  42.453   13.330 13.0 3.77 185  45  -75 0.5857
20090930_195212  41.725   13.691  9.0 3.34   5  70  -35 0.4163
20091019_100850  44.760    9.735 23.0 3.76  20  45   45 0.4862
20091020_050730  42.398   13.240  2.0 3.55  10  70  -60 0.5417
20100110_083335  43.119   13.445 15.0 3.81 165  65   70 0.5513
20100112_082511  43.119   13.451 16.0 4.07 165  75   80 0.6131
20100112_133545  43.135   13.433 16.0 4.04 160  75   80 0.6255
20100122_123050  42.247   13.526  5.0 3.47   5  30  -45 0.4919
20100131_212130  42.273   13.413 12.0 3.29   5  55  -35 0.4938
20100201_014200  40.628   15.706 10.0 3.38 220  75  -70 0.4510
20100202_194243  43.101   13.389 19.0 3.40 270  75   60 0.5618
20100203_111645  43.129   13.431 14.0 3.20 250  60  -20 0.5096
20100310_133804 42.83   20.62   16.0 4.61  65 65  -30 0.6975
20100415_014736  43.477   12.425  5.0 3.74 315  60  -95 0.5756
20100504_122651  44.166   11.526 19.0 3.27 100  60   75 0.4818
20100515_050943  46.125    7.730 10.0 3.04 340  40  -20 0.3968
20100616_223941  38.832   16.146 10.0 3.82 115  55  -10 0.6030
20100620_231354 43.81   17.02   25.0 4.14  65 60   25 0.2705
20100704_113858  42.159   13.393  1.0 3.62 315  45  -85 0.6272
20100704_163454  43.753    8.182  5.0 3.43  15  85    5 0.7234
20100709_221511 41.24   19.94   27.0 4.60 120 45   75 0.6203
20100713_033618  40.581   15.452  7.0 3.56 165  20  -85 0.5947
20100811_214044  43.657   12.001  5.0 3.31 315  35  -80 0.4476
20100818_141708  41.650   14.274 10.0 3.20 330  35  -50 0.4730
20100828_070803  42.845   12.661  6.0 4.08 340  75  -90 0.6239
20100829_101117  42.837   12.664  6.0 3.34 190  10  -75 0.5781
20100831_030011  42.543   13.196  4.0 3.32 320  50  -60 0.5241
20100831_071252  42.522   13.211  5.0 3.55 310  50  -60 0.4675
20100831_120625  42.543   13.201  5.0 3.31 300  30  -85 0.5057
20100831_235001  42.518   13.197  5.0 3.01 290  35  -60 0.5739
20100901_131132  42.840   12.671  6.0 3.25   5  80  -95 0.5752
20100903_022425  42.516   13.223  5.0 3.29 310  45  -45 0.5911
20100904_132742  42.531   13.217  4.0 2.93 350  55  -40 0.4492
20100905_070723  44.107   12.170 17.0 3.73 115  30   70 0.5105
20100915_022117 45.62   14.26   27.0 3.88 250 70   -5 0.5639
20100915_022313 45.59   14.25   25.0 3.70 250 80   15 0.3408
20100916_062032  44.375   11.006 21.0 3.32  85  65   65 0.4712
20100917_122018  41.490   15.630 24.0 4.08 165  40   -5 0.5162
20100919_000058  44.186   11.563 17.0 3.44 260  60  -20 0.6039
20101013_224314  44.141   12.369 22.0 3.82  20  40   25 0.6034
20101103_005656 43.72   20.62   16.0 5.40 275 70  -10 0.6960
20101109_084319  40.039   15.929  8.0 3.58 330  50  -70 0.4968
20101206_103215  42.795   13.012  6.0 3.38 160  45  -65 0.5036
20110109_105820  42.108   13.334  3.0 3.56 140  45  -65 0.3790
20110404_131151  41.675   14.918 14.0 3.35 170  70  -20 0.4421
20110412_033255  41.663   16.117  9.0 3.61 200  50   55 0.5627
20110428_233045 44.81   17.32   16.0 4.32 245 60   35 0.5419
20110506_151235  37.782   14.960 23.0 4.07  10  45   15 0.4206
20110506_234452 45.05   15.01   22.0 3.93  40 55  -20 0.7332
20110514_084553 41.67   20.88   18.0 4.08 125 70  -35 0.6409
20110521_191758  42.366   13.402  2.0 3.09 335  40  -75 0.5260
20110524_220355  43.860   12.030  5.0 4.00 140  60  -65 0.4364
20110525_000541  43.896   12.019  6.0 3.36 300  30  -80 0.4304
20110525_000758  43.881   12.015  5.0 3.27 340  45  -20 0.3464
20110525_040746  43.841   12.007  8.0 3.54  35  40   90 0.5024
20110604_161200  43.763   11.932  9.0 3.55 325  80   -5 0.6760
20110604_180650  43.893   11.979  6.0 3.73 105  60  -80 0.5008
20110604_221837  43.862   11.984  9.0 3.44 335  80    5 0.5507
20110617_113310  43.128   12.564  7.0 3.22  45  15  -10 0.5962
20110619_143534  44.090   10.760  8.0 3.72 305  25  -70 0.5814
20110710_181339  42.137   12.477  1.0 3.32  40  45   50 0.5353
20110711_150106  43.918   11.861  2.0 3.54 120  30  -85 0.5732
20110712_065322  43.920   11.861  2.0 3.98 120  30  -80 0.5279
20110712_071508  43.915   11.848  2.0 3.93 110  30 -100 0.4542
20110712_192057  43.930   11.859  5.0 3.77 295  60  -85 0.4879
20110712_212712  43.916   11.862  5.0 3.47 125  30  -65 0.5492
20110713_095512  42.443   12.721 10.0 3.75 335  25  -50 0.6160
20110714_214612 43.26   20.83   14.0 4.08 285 80   -5 0.7953
20110716_160916 43.21   21.55    3.0 3.94  60 40  -80 0.5386
20110717_183028  44.987   11.369  5.0 4.55 265  40   95 0.5826
20110723_165025  41.495   12.938  4.0 3.52 350  70  -60 0.4658
20110725_123120  45.020    7.320 16.0 4.30 250  20  -70 0.6322
20110727_121345  41.951   15.682 10.0 3.41 170  65   -5 0.4356
20110803_013607 44.07    3.90   16.0 3.53 125 50   60 0.4793
20110805_061911  40.789   16.414 13.0 3.01 230  45   65 0.5363
20110809_135831  42.942   11.054  9.0 3.19 300  75   15 0.4695
20110819_031417  42.567   13.085  2.0 3.17 135  45  -90 0.5451
20110904_114745 50.22   12.45   13.0 3.24 180 70  -15 0.4084
20110906_082204  42.946   13.701 12.0 3.23 245  55  -60 0.5192
20110907_211019  42.444   13.339 11.0 3.07 220  55   -5 0.3968
20110908_131727  44.626   10.196 19.0 3.61 240  30   50 0.4558
20110908_154352  44.629   10.231 18.0 3.23 215  35   35 0.4749
20110908_203642  44.625   10.239 20.0 3.38 280  10   85 0.5504
20110908_225505  44.620   10.219 17.0 3.44 125  80   85 0.6486
20110909_142403  44.591   10.207 16.0 3.42 110  80   65 0.5914
20110910_172800  44.599   10.222 20.0 3.43 250  20   50 0.5310
20110918_202523  44.568   10.250 17.0 3.51 265  10   55 0.6892
20110919_053434  44.622   10.253 16.0 3.41 110  85   80 0.5926
20110925_131710 42.53   18.57   12.0 3.92 290 25   60 0.5437
20111020_061051  44.526    9.415  6.0 3.57 290  35  -95 0.5857
20111020_061644  44.495    9.411  7.0 3.32 335  40  -65 0.4570
20111029_041334  45.706   10.923 12.0 3.80 255  45   80 0.5017
20111030_144032  42.274   13.323  1.0 3.56 325  40  -85 0.5252
20111123_141233  39.915   16.018  5.0 3.78 150  45  -85 0.6139
20111201_140120  39.932   16.002  5.0 3.46 165  35  -75 0.6225
20120101_235721 45.0    23.56   23.0 4.29 305 55  -70 0.4965
20120124_235446  45.541   10.973  7.0 3.83  20  90  -30 0.5675
20120125_080636  44.854   10.538 26.0 4.81 335  30  -20 0.5730
20120127_145313  44.483   10.033 54.0 5.01 120  25   95 0.5007
20120215_204635  41.487   12.934  4.0 3.50 200  85   35 0.4645
20120226_223755  44.490    6.740  6.0 4.17  25  50  -55 0.6981
20120226_233934  44.499    6.733  7.0 3.33  40  35  -35 0.6187
20120227_163120  44.510    6.720  8.0 3.42  45  45  -40 0.6315
20120302_071550  44.490    6.734  6.0 3.48  30  35  -40 0.4543
20120303_010426  40.814   15.178 13.0 3.67 115  65  -55 0.4548
20120305_151506  44.540    9.377  7.0 4.00 310  35  -75 0.6530
20120315_032905  42.810   13.202  2.0 3.69 325  50  -70 0.4295
20120408_115844  40.32    0.85   6.0 3.20  20 90  -40 WEB VALEN CSIC
20120410_223735  43.117   13.476 20.0 3.36  30  25   10 0.6310
20120413_062133  38.285   13.298  9.0 4.38 300  25  -85 0.5300
20120413_221356  44.075   10.882 12.0 3.39 185  70  -10 0.7140
20120519_231327  44.898   11.258  5.0 3.96 280  50   90 0.5120
20120520_020352  44.890   11.230  5.0 5.94 105  45   95 0.4330
20120520_030250  44.860   11.100  5.0 4.82 105  40  100 0.4781
20120520_131802  44.831   11.490  5.0 4.97 290  50   85 0.5885
20120522_000033 42.69   23.01   12.0 5.49 295 30  -85 0.5122
20120523_214118  44.868   11.251  6.0 3.92 270  45   85 0.5269
20120528_010627  39.859   16.118  5.0 4.27 330  45  -90 0.4163
20120606_040831  44.434   12.354 21.0 3.95  55  25   40 0.4983
20120607_101715 41.348  20.878   9.0 4.38 215 55  -75 0.5868
20120608_034428 41.35   20.88    9.0 4.23  60 35  -75 0.6279
20120609_020456  46.209   12.444  9.0 3.91 225  20   80 0.6571
20120625_013916  41.925   15.501 16.0 3.20  60  20   45 0.4900
20120627_011420  37.001   15.034  5.0 3.70   5  90    5 0.5193
20120627_024802  37.001   15.031  5.0 3.16 185  90    0 0.4919
20120709_151343  41.874   12.720  6.0 3.55 185  35  -70 0.6196
20120727_231222 44.20   17.92   16.0 4.43 250 70   30 0.6099
20120730_090117 44.18   17.91   12.0 4.19  75 75    5 0.7488
20120812_012136  41.771   16.266 21.0 3.78  20  65   40 0.4962
20120819_174508  39.875   16.005  5.0 3.74 150  50  -90 0.5664
20120901_140245  39.887   16.004  5.0 3.63 175  60  -80 0.6645
20120904_224342 41.13   19.80   22.0 3.90 125 70   70 0.5199
20120907_124051  39.877   16.028  5.0 3.59 170  50  -75 0.5688
20120914_035011  39.896   16.019  5.0 3.78 170  50  -80 0.6184
20120922_061559 40.18   20.77    9.0 4.65 190 90   10 0.7051
20121001_202828  39.901   16.013  5.0 3.77 150  45  -90 0.6062
20121002_000857  39.906   16.019  6.0 3.44 330  50  -85 0.4512
20121003_092043  44.572    7.206  8.0 3.84 175  20  -65 0.6290
20121003_144128  44.750    9.631 22.0 4.14 235  75   25 0.6197
20121018_025157  39.887   16.034  5.0 3.48 195  55  -55 0.5087
20121025_230524  39.881   16.009  5.0 5.16 160  45  -85 0.6821
20121030_015230  42.397   13.281  9.0 3.25 340  50  -55 0.3955
20121112_231842 42.56   19.02   26.0 4.42 295 35   95 0.6790
20121120_103213  44.974    8.230 25.0 3.39 240  55   20 0.3989
20121125_082839  39.921   16.027  5.0 3.72 345  50  -90 0.5257
20121126_191855  44.129   10.676 16.0 3.43 305  55  -75 0.5424
20121127_190621 40.79   19.67   21.0 3.92 150 70   65 0.5410 
20121128_014945 42.47   20.06   12.0 4.00 275 65  -90 0.5498
20121203_043600 46.23   14.77   17.0 3.89  50 70   20 0.6071
20121205_011819  42.911   13.660 17.0 3.89 355  45   75 0.5362
20121211_142843  39.888   16.017  7.0 3.22 195  60  -50 0.4234
20121213_213927 41.13   19.73   26.0 4.10 290 50   45 0.6476
20121218_110318  39.841   16.167  6.0 3.43 120  60  -85 0.3806
20130104_075006  37.873   14.722  9.0 4.07 305  40  -60 0.4889
20130107_042023  44.766    6.636  2.0 3.35  30  40  -85 0.6465
20130117_132151 43.67   16.44   12.0 3.60 250 65   15 0.4402
20130119_214919 40.98   21.18   19.0 3.89  25 80  -50 0.6405
20130125_144818  44.168   10.454 16.0 4.74 150  75   15 0.5925
20130125_185226 43.26   18.83   16.0 3.92 255 75  -10 0.4994
20130202_133535 46.53   14.62   10.0 4.05  75 75   40 0.5773
20130203_120059 43.25   18.68   18.0 3.84 275 75  -15 0.4840
20130204_042947 43.63   16.35    8.0 3.98 275 35   70 0.5327
20130212_181243  46.311   12.567 13.0 3.45 245  50   85 0.6749
20130216_211609  41.710   13.580 17.0 4.79 170  45  -65 0.6508
20130217_010007  42.464   13.454 13.0 3.59   0  65  -25 0.4306
20130304_035315  44.037   11.566  5.0 3.64 125  30  -75 0.4919
20130309_025419  42.465   13.465 17.0 3.36 345  60  -20 0.5551
20130318_024050  43.142   11.434  7.0 3.65 340  80  -40 0.5791
20130325_072100 41.77   19.95   10.0 3.91 245 80  -70 0.6760
20130328_161340 42.34   18.94   15.0 3.72 140 60   20 0.4572
20130407_031311  44.291    7.425  9.0 3.22 135  25  -65 0.4666
20130417_145033  43.673   11.141  6.0 3.44 130  30  -80 0.4984
20130420_075741  43.457   12.289  2.0 3.41 135  45  -70 0.4910
20130420_122132 47.23   10.11    2.0 3.13 230 70   45 0.5445
20130422_220042 43.24   18.83   14.0 3.46 280 55  -20 0.5144
20130422_222847 47.69   20.34    4.0 4.32 310 45   90 0.4624
20130508_042905  43.452   12.304  3.0 3.11 150  35  -55 0.5467
20130515_150242 41.41   19.44   25.0 3.87 120 55   35 0.6339
20130520_092403 43.80   17.16   27.0 3.81 265 85  -65 0.5848
20130521_225501 43.08   18.74   11.0 3.62  90 80  -10 0.4303
20130605_184546 47.97   19.24    6.0 3.83  80 90   10 0.6312
20130613_054452  43.583   13.868  3.0 3.81 290  50   65 0.6104
20130614_182222  44.273   11.038 16.0 3.63 280  15  100 0.5587
20130615_194116  44.159   10.169  5.0 3.47 120  65  -65 0.5666
20130616_200500 45.79   14.87   15.0 3.76  40 60  -25 0.5393
20130619_105107  44.403   10.687 24.0 3.45 110  40   90 0.4382
20130621_103357  44.150   10.140  5.0 5.06 115  50  -60 0.6259
20130621_121239  44.159   10.148  6.0 3.99 290  50  -80 0.5005
20130621_121958  44.168   10.120  7.0 3.68 295  50  -75 0.5882
20130621_135825  44.161   10.159  5.0 3.63 115  35  -40 0.5814
20130621_142322  44.155   10.144  5.0 3.46 105  25  -25 0.5292
20130622_015612  44.168   10.217  4.0 3.22  70  40  -90 0.6318
20130622_084109 40.24   19.56   20.0 4.27 305 25   50 0.5609
20130623_131341  44.151   10.186  5.0 3.60 105  45  -45 0.4965
20130623_150133  44.176   10.211  5.0 4.32 110  35  -45 0.4778
20130629_014018 41.93   20.83    6.0 3.72 250 50  -65 0.5419
20130629_090047  44.150   10.174  2.0 3.30 105  45  -65 0.4830
20130629_110651  44.150   10.174  4.0 3.25  95  40  -60 0.6268
20130630_144008  44.171   10.205  3.0 4.45 110  45  -60 0.6090
20130630_181852  44.178   10.207  5.0 3.51 110  40  -50 0.4818
20130701_165646  44.171   10.185  5.0 3.34 155  60  -30 0.5793
20130702_104522 40.12   21.86   13.0 4.75  60 45  -80 0.6457
20130702_190733 48.00   19.25    5.0 3.60 260 80  -15 0.5131
20130703_130911 40.11   21.86   16.0 3.90 240 55  -80 0.6041
20130703_132823 40.12   21.85   14.0 4.76  70 45  -65 0.6329
20130708_233153  44.152   10.182  2.0 3.42  95  40  -75 0.5855
20130711_043221  43.812   12.032  5.0 4.04 335  45  -85 0.4508
20130711_120828  43.820   12.053  5.0 3.26 170  35  -70 0.4325
20130711_144531  43.829   11.986  6.0 3.13 215  50   40 0.4052
20130712_033406  44.206   10.108  7.0 3.39 105  35  -95 0.6499
20130712_045804  44.219   10.110  7.0 3.31 100  45  -90 0.5069
20130721_013224  43.500   13.670 16.0 5.01 260  75  -35 0.6568
20130721_030724  43.517   13.708 11.0 3.94  65  65  -30 0.5015
20130727_031702 41.92   23.23   14.0 3.62 285 70  -50 0.6306
20130727_032156 41.91   23.20   16.0 3.96 280 75  -50 0.7359
20130727_043832 40.14   21.84   14.0 3.88 250 60  -70 0.6210
20130730_125833 45.14   15.08   17.0 4.26 215 75   30 0.7337
20130814_221855  44.166   10.195  5.0 3.51 115  50  -45 0.5187
20130815_230459  38.150   14.914 15.0 4.41  70  85   65 0.5228
20130815_230651  38.170   14.924 17.0 4.53 235  85  -65 0.4012
20130822_064450  43.583   13.804  5.0 4.20 310  50   80 0.6223
20130824_135901  46.219   12.496  9.0 3.30  55  70   85 0.6041
20130824_171818  36.711   14.996  5.0 3.97 190  45   45 0.4374
20130826_220948  43.366   12.544  5.0 3.78 325  25  -90 0.5969
20130920_020633 47.94   16.51   17.0 3.70 225 80    5 0.7047
20130924_002150  40.38    0.71   9.0 3.50  45 55   -5 WEB VALEN CSIC
20130925_055949  40.34    0.78   9.0 3.04 225 50   20 WEB VALEN CSIC
20130929_163623  40.31    0.79   9.0 3.46  45 85  -30 WEB VALEN CSIC
20130929_211506  40.35    0.76  10.0 3.25  45 55   10 WEB VALEN CSIC
20130929_212316  40.31    0.78   5.0 3.11  40 60  -30 WEB VALEN CSIC
20130929_221548  40.38    0.71   7.0 3.63  40 55   -5 WEB VALEN CSIC
20130930_022116  40.38    0.71   8.0 3.84  45 60    0 WEB VALEN CSIC
20131001_033244  40.39    0.71   7.0 4.08  40 55   -5 WEB VALEN CSIC
20131002_171736 47.99   16.41   16.0 3.63 235 75   -5 0.4675
20131002_230649  40.40    0.70   4.0 4.01  40 70   -5 WEB VALEN CSIC
20131002_232929  40.40    0.72   7.0 3.97  35 60   -5 WEB VALEN CSIC
20131004_084948  40.39    0.71   9.0 3.69  40 70  -15 WEB VALEN CSIC
20131004_095519  40.39    0.72   4.0 3.43  35 75    0 WEB VALEN CSIC
20131004_200224  40.32    0.79  10.0 3.47  30 35    0 WEB VALEN CSIC
20131019_122935  43.675   10.274  6.0 3.49   5  60  -50 0.4478
20131019_162157  44.770    8.999 22.0 3.27  55  90   55 0.5588
20131023_003122  42.551   13.411 17.0 3.03 175  55  -55 0.5392
20131110_203528 43.27   19.13   13.0 3.67  80 90   20 0.6196
20131118_075841 43.66   16.86   12.0 4.19 245 50   40 0.5617
20131118_131503 42.88   21.04   10.0 4.11 100 75  -15 0.5788
20131130_201338  42.638   13.217  7.0 3.67 170  30  -75 0.5477
20131208_143533  42.459   13.462 13.0 3.59  -5  65  -20 0.5146
20131210_183307 42.43   19.27   26.0 4.04  90 45   35 0.6585
20131212_005919 47.06    9.49   10.0 3.64 180 85   25 0.6127
20131218_105851  43.381   12.530  3.0 3.69 325  35  -95 0.5136
20131222_100635  43.383   12.519  5.0 3.86 150  30  -85 0.4940
20131227_194324  43.389   12.523  3.0 3.50 320  35  -85 0.5008
20131229_065459 43.10   17.30   13.0 4.09 260 40   35 0.4869
20131229_170843  41.370   14.450 15.0 5.01 330  60  -70 0.4530
20140119_013435 48.03   19.41    6.0 3.94  75 75    5 0.4901
20140120_060015 41.39   19.48   25.0 4.26 130 50   50 0.4872
20140120_071240  41.362   14.449 15.0 4.21 325  65  -70 0.5514
20140120_073916 41.35   19.63   18.0 3.73 290 50   30 0.5593
20140120_075557  41.356   14.445 16.0 3.71 345  75  -60 0.6236
20140120_144048 41.38   19.45   26.0 4.07 140 45   80 0.5317
20140122_193501  40.441   15.119  5.0 3.63 105  25   70 0.4096
20140126_190640 43.28   19.96   14.0 4.35  80 75   15 0.4142
20140128_000332 45.02   17.12   11.0 4.02 225 75   75 0.3505
20140213_043816  42.708   13.142  7.0 3.42 195  50  -65 0.5608
20140217_045458  41.735   13.852 10.0 3.39 130  45  -40 0.5201
20140308_150632 41.51   19.44   29.0 3.99 155 70   60 0.6493
20140308_151232 41.48   19.43   27.0 4.15 330 20   80 0.4841
20140313_173159 45.77   14.79    2.0 4.08 265 50   80 0.4211
20140318_212114  43.368   12.546  3.0 3.24 335  35  -80 0.5237
20140407_192700 44.47    6.69   11.0 4.76  55 55  -15 0.6147
20140415_081041  42.981   12.910  7.0 3.14 170  50  -35 0.3038
20140417_145917 47.60   15.49   20.0 3.53  90 90   35 0.4860
20140419_212753  43.347   12.533  3.0 3.67 330  65  -80 0.5657
20140421_212529 41.79   19.21   18.0 4.19 155 50   80 0.6146
20140422_085827 45.65   14.26   17.0 4.39 245 85    0 0.8290
20140429_222602  43.991   12.989  7.0 3.50 120  30   85 0.4880
20140504_232951 43.14   18.47   21.0 3.77 270 55  -30 0.6123
20140508_052610 43.28   19.33   15.0 3.70  70 75    0 0.6532
20140512_005432 39.70   20.30   22.0 4.78 125 85   85 0.8083
20140517_164627 49.85    8.66   11.0 3.64  30 90  -20 0.4756
20140519_005920 40.94   19.77   20.0 4.92  60 60   20 0.6397
20140520_044326 40.91   19.87   19.0 4.26  90 70   25 0.6592
20140524_143534 50.20   12.41   12.0 3.17  30 60   45 0.4503
20140525_210509 42.12   21.26   14.0 3.57 100 80  -30 0.6950
20140529_072418 46.04   13.84   17.0 3.54 230 70   -5 0.6061
20140531_103720 50.18   12.41   14.0 3.78  35 60   45 0.5921
20140602_214716 43.30   19.94   13.0 3.84 255 85  -15 0.6478
20140604_212041  39.876   16.001  6.0 3.71 170  55  -85 0.5101
20140606_134138  39.901   16.088  5.0 3.97 340  65  -90 0.4754
20140612_114648 44.68    6.78    8.0 3.36 165 15   35 0.7183
20140614_085208  42.661   12.527  5.0 3.54 280  70  -90 0.5351
20140619_135219 43.93   17.16   19.0 3.96 265 10  -15 0.5759
20140622_013214  44.504    6.691  9.0 3.27  35  45  -20 0.6741
20140622_013214 44.50    6.69   12.0 3.38  40 50  -20 0.5781
20140624_193953 43.79   24.47   11.0 3.86 315 80    5 0.6234
20140707_174415  40.722   15.496 12.0 3.26  40  60   15 0.4516
20140711_115430 49.08   -2.51   13.0 3.86   5 85   -5 0.5289
20140714_030924  44.514    6.693  9.0 3.24  40  50  -20 0.5896
20140721_111228  42.113   15.877 18.0 3.21 215  40   50 0.3964
20140731_032928  39.907   16.106  5.0 3.55   0  65  -75 0.5117
20140809_134749  43.542   11.041 10.0 3.53 170  80   -5 0.5452
20140812_201534  40.449   16.423  5.0 3.73 315  35  -70 0.4795
20140830_181646 44.49   16.30   17.0 3.81 260 70   15 0.7767
20140907_104501  44.113   10.664 15.0 4.07 325  70  -55 0.4750
20140930_151241 43.06   18.35   21.0 3.96  80 90   80 0.6626
20141002_044335 45.17   16.37   11.0 3.75  55 75   55 0.6202
20141003_032408  43.578   12.343  5.0 3.53 140  30  -60 0.5376
20141016_222305  43.771   11.944 12.0 3.23 175  50  -25 0.5342
20141017_023859  43.770   11.933 13.0 3.44 175  65    5 0.5742
20141025_200947  38.166   15.937 12.0 3.25 275  75  -65 0.5280
20141031_230003 45.16   22.28   14.0 4.14 115 65  -10 0.7338
20141130_093425  44.573    9.426  7.0 3.72 125  35  -95 0.6063
20141219_093941  43.604   11.255 10.0 3.86 340  75  -15 0.5787
20141219_103630  43.606   11.258  9.0 4.13 165  90   15 0.5830
20141220_040705  43.587   11.245  9.0 3.62 150  75  -10 0.7384
20141221_155128  43.534   12.132  3.0 3.58 130  40  -90 0.5636
20141224_114010  41.698   14.957 12.0 4.01 215  70   55 0.4680
20141224_154121 43.27   20.84   14.0 3.82 130 70   -5 0.4813
20141224_154151 43.27   20.84   15.0 3.77 135 70   10 0.6901
20141224_224119 43.71   21.67   13.0 3.78 310 65   15 0.7060
20141228_214338  39.292   16.358 15.0 4.30 220  55  -45 0.7060
20141229_203414 41.66   19.26   22.0 4.59 315 55   55 0.6361
20150121_013009 42.74   20.41   14.0 3.96  95 85  -35 0.6037
20150123_095615  44.136   11.149  6.0 3.75 120  55  -85 0.4695
20150205_061646 42.69   26.17   16.0 3.97 145 60   65 0.5568
20150205_214941 43.27   20.87   14.0 4.02 290 85  -10 0.6971
20150207_015622 41.87   20.13   22.0 4.37  45 45  -35 0.7847
20150208_174005 41.94   21.00   12.0 3.56 240 65  -35 0.5865
20150217_194253  44.167   11.407  6.0 3.98 295  20  -80 0.6542
20150223_161629  39.04   -2.65  18.0 4.57 140 45  -25 WEB CUS SLU
20150228_031617  41.979   13.535 10.0 4.08 355  70  -40 0.5050
20150304_000004  43.601   11.179 10.0 3.81 345  90  -15 0.5808
20150308_204727 44.10   19.90    9.0 4.37  80 85   10 0.6930
20150401_073354 44.30   16.34   16.0 4.00 210 60  -15 0.6742
20150412_000533 43.77   18.54   12.0 3.96 235 70  -10 0.6643
20150428_161651 44.56   17.60   12.0 3.80 215 85  -30 0.5857
20150512_020249  45.870   12.063  8.0 3.36 230  25   65 0.5589
20150512_020250  45.870   12.063  8.0 3.36 230  25   65 0.5589
20150515_004947 43.05   18.81   20.0 3.90 295 55   25 0.6125
20150515_053547  45.862   12.075 10.0 3.42 245  25   80 0.4188
20150529_130757  42.916   14.296  5.0 4.20 155  50   85 0.5066
20150601_003159 42.85   18.65   25.0 4.05 100 20   60 0.7955
20150705_050354  43.530   12.280 11.0 3.34 175  70  -20 0.6538
20150706_134216 42.38   19.42   25.0 4.24 130 10   95 0.6180
20150708_025318  42.160   15.490 14.0 3.61  60  60   80 0.6444
20150712_062639  41.620   16.050 23.0 3.33  20  80   60 0.4302
20150722_125744  44.160   10.890 14.0 3.74 345  75  -45 0.6733
20150801_204750  45.900   10.770  7.0 3.38 335  45  -45 0.5091
20150801_204751  45.900   10.770  7.0 3.38 335  45  -45 0.5091
20150803_072748  39.160   16.530 16.0 4.01 260  40  -45 0.6251
20150818_201001  45.910   11.900 12.0 3.35 250  70  -85 0.5751
20150818_201002  45.910   11.900 12.0 3.35 250  70  -85 0.5751
20150824_034354  44.200   11.940 18.0 3.58 125  65   20 0.5817
20150829_184706 46.34   13.67   10.0 4.05  80 70   65 0.4993
20150913_010435  43.620   11.220  9.0 3.84 345  45  -30 0.5643
20150918_192452  43.630   12.320  3.0 3.57 125  35  -95 0.6403
20150919_071247  43.630   12.340  3.0 3.75 130  35  -90 0.6078
20151101_062619 41.37   20.22   25.0 4.80  65 85  -20 0.7055
20151101_075235 45.94   15.58    8.0 4.38  65 45   50 0.4135
20160108_130741 42.93   18.52   24.0 4.43 270 70   60 0.5877
20160208_153543  36.980   14.860 11.0 4.34 185  70  -10 0.5348
20160214_145130 43.05   17.42   16.0 3.95 265 70   65 0.4897
20160228_111718 41.50   22.92   14.0 4.02 285 40  -60 0.6140
20160314_133611  44.380    7.250  7.0 3.55 345  40   55 0.6113
20160409_130235 45.97   15.65    5.0 3.80  75 50   80 0.5362
20160425_102823 48.11   16.16    8.0 3.60 105 65   50 0.5170
20160428_064650 46.06   -1.11   14.0 3.91 190 75   -5 0.5347
20160521_163309 41.30   21.03   19.0 4.56 230 55  -50 0.6859
20160521_164131 41.33   21.03   20.0 4.67 255 30  -40 0.7761
20160522_085832 41.61   23.30   17.0 4.32 295 60  -25 0.7444
20160530_202420  42.710   11.970  5.0 4.14 315  40  -70 0.5965
20160623_143756  44.170    9.910  7.0 3.80 155  70  -20 0.4955
20160730_202138  44.940    7.210 11.0 3.66 240  75   30 0.5866
20160824_013632  42.706   13.223  5.0 5.97 155  50  -85 0.7180
20160824_015600  42.614   13.275  5.0 4.46 345  45  -50 0.6013
20160824_023329  42.794   13.154  5.0 5.29 330  45  -80 0.6889
20160824_025935  42.799   13.143  5.0 3.93 175  35  -70 0.5912
20160824_030810  42.612   13.271  7.0 3.70 140  30 -100 0.4871
20160824_034011  42.617   13.245  6.0 4.12 330  60  -90 0.6554
20160824_040650  42.769   13.125  3.0 4.32 340  50  -90 0.5354
20160824_115030  42.819   13.146  7.0 4.50 335  65  -75 0.5542
20160824_140220  42.800   13.250  3.0 3.77 220  65  -40 0.6158
20160824_174609  42.663   13.222  7.0 4.19 165  35  -85 0.5420
20160824_202135  42.782   13.154  5.0 3.31 190  40  -45 0.6416
20160824_214544  42.804   13.172  6.0 3.04 175  40  -85 0.5681
20160824_232205  42.648   13.213  9.0 3.98 165  35  -75 0.5551
20160825_031716  42.753   13.208  5.0 4.36 185  20  -65 0.5832
20160825_041211  42.691   13.234  7.0 3.27 190  45  -65 0.3077
20160825_045140  42.618   13.334  2.0 3.75 335  30  -75 0.4632
20160825_085937  42.614   13.303  3.0 3.08 140  35  -90 0.5281
20160825_122158  42.613   13.252  7.0 3.17 155  25  -80 0.5033
20160825_123605  42.596   13.290  5.0 4.39 350  45  -55 0.5833
20160825_194044  42.591   13.288  5.0 3.45  -5  50  -50 0.5789
20160826_000409  42.667   13.287  3.0 3.61 335  35  -90 0.5475
20160826_040803  42.697   13.230  7.0 3.17 180  55  -55 0.6126
20160826_042109  42.615   13.295  5.0 3.13 345  45  -70 0.5618
20160826_042825  42.600   13.290  5.0 4.72 340  45  -65 0.6060
20160826_050854  42.619   13.299  5.0 3.23 165  35  -85 0.5886
20160826_051705  42.753   13.213  7.0 3.21 120  70   90 0.6211
20160826_053252  42.767   13.149  5.0 3.36 210  25  -50 0.5564
20160826_055117  42.567   13.289  7.0 2.87 335  55  -80 0.4884
20160826_110644  42.614   13.304  5.0 2.83 355  50  -55 0.4744
20160826_151623  42.602   13.293  5.0 2.97 330  60  -75 0.6130
20160826_160529  42.693   13.148  7.0 3.49 155  30  -80 0.7015
20160826_204912  42.794   13.153  5.0 3.07  -5  65  -70 0.6052
20160826_231336  42.842   13.258  2.0 3.13 170  55  -60 0.5379
20160827_012639  42.836   13.245  2.0 3.75 175  50  -65 0.5935
20160827_025059  42.839   13.249  2.0 3.91 175  55  -60 0.5068
20160827_030054  42.840   13.247  3.0 2.90 165  65  -55 0.4873
20160827_060829  42.838   13.236  2.0 3.46 175  65  -60 0.5272
20160827_062030  42.547   13.310  3.0 3.28 330  50  -70 0.5776
20160827_074412  42.766   13.227  4.0 2.72 165  85   50 0.5830
20160827_094138  42.792   13.181  5.0 3.06 320  40  -75 0.5318
20160827_104014  42.838   13.246  2.0 3.53 175  65  -60 0.5203
20160827_213142  42.593   13.264  7.0 3.40 335  40  -70 0.6249
20160828_051634  42.603   13.309  5.0 3.14 345  45  -75 0.6194
20160828_063719  42.722   13.208  7.0 3.31 180  40  -65 0.6808
20160828_075953  42.796   13.235  5.0 3.17 320  25  -75 0.5330
20160828_091817  42.627   13.295  5.0 3.24 140  55  -85 0.6666
20160828_102532  42.779   13.107 10.0 2.93 160  50  -45 0.5339
20160828_130732  42.595   13.292  5.0 3.57 355  20  -75 0.6266
20160828_153738  42.773   13.119  9.0 3.48 155  50  -95 0.6620
20160828_155535  42.820   13.238  5.0 4.15  20  30  -95 0.5723
20160828_164201  42.821   13.143  5.0 3.78 340  55  -85 0.6029
20160828_202230  42.740   13.203  5.0 3.08 165  45  -75 0.5382
20160829_014425  42.763   13.195  7.0 3.42 345  50  -70 0.5562
20160829_062010  42.748   13.187  6.0 3.57 325  45  -80 0.4675
20160829_132928  42.727   13.137  4.0 2.81  55  50   20 0.4450
20160829_164352  42.829   13.148  6.0 2.85 225  40   20 0.6487
20160829_175222  42.863   13.220  4.0 3.15   5  80   20 0.5859
20160830_003555  42.804   13.141  6.0 3.33 340  55  -65 0.5463
20160830_140532  42.731   13.185  8.0 2.87 205  20  -60 0.5854
20160830_221115  42.821   13.261  3.0 2.96 220  50  -40 0.6414
20160831_014148  42.806   13.159  7.0 3.08 315  15   -5 0.6584
20160831_094616  42.757   13.179  6.0 3.18 330  35  -75 0.5255
20160831_112601  42.840   13.136  5.0 3.95 340  60  -85 0.6260
20160831_115231  42.866   13.236  4.0 3.42  10  70   10 0.6667
20160831_132304  42.758   13.236  8.0 3.31 165  75  -55 0.6962
20160831_181252  42.827   13.259  5.0 3.52 220  45  -15 0.5765
20160831_200802  42.828   13.135  5.0 3.38 345  60  -80 0.7125
20160831_214252  42.779   13.165  5.0 3.42 170  25  -85 0.6202
20160831_221409  42.748   13.239  5.0 3.44 130  45  -90 0.6394
20160831_222052 41.29   20.40   15.0 4.10  65 70  -55 0.7462
20160901_015552  42.847   13.181 11.0 2.90 165  40  -50 0.4610
20160901_035303  42.623   13.315  5.0 3.62 145  60  -80 0.5498
20160901_064934  42.858   13.234  5.0 3.11 315  40  -90 0.4693
20160901_094029  42.813   13.236  3.0 3.03 210  55  -25 0.5683
20160901_110243  42.810   13.168  7.0 3.12 220  80   15 0.4686
20160901_113557  42.564   13.304  6.0 3.34 170  30  -45 0.7037
20160902_152327  42.751   13.142  2.0 2.79  15  50  -65 0.4863
20160902_170147  44.498    9.600  3.0 3.08 135  25  -35 0.7026
20160903_013412  42.775   13.130  2.0 4.16 175  30  -75 0.5323
20160903_031914  42.812   13.200  3.0 2.87  15  20  -55 0.4533
20160903_091635  42.929   13.255  4.0 2.91 170  80  -65 0.4087
20160903_101851  42.870   13.210  4.0 4.29  15  80    5 0.5790
20160903_152626  42.868   13.217  4.0 3.09  10  70   25 0.5971
20160903_163222  42.859   13.225  2.0 2.98   5  50  -30 0.5672
20160903_191453  43.978    7.522  9.0 3.31  25  70   10 0.4772
20160904_053135  42.851   13.230  2.0 2.79 185  40  -45 0.5355
20160905_042220  42.849   13.215  4.0 3.34  20  70   10 0.5707
20160905_144905  42.632   13.306  7.0 2.83 170  25  -80 0.4605
20160905_195937  42.855   13.236  2.0 3.13 175  35  -60 0.6254
20160905_213611  42.652   13.340  6.0 3.54 140  55  -80 0.5464
20160905_224946  42.830   13.003  7.0 2.84 180  65   30 0.5800
20160906_001811  42.655   13.335  5.0 3.17 320  45  -80 0.4427
20160906_095626  42.760   13.188  6.0 3.07 335  55  -85 0.5026
20160906_205239  42.864   13.223  2.0 3.15 200  30  -35 0.6806
20160907_000410  42.734   13.191  9.0 3.11 180  50  -50 0.6077
20160907_050847  42.800   13.204  6.0 3.18 215  60  -60 0.6248
20160907_143911  42.667   13.296  9.0 2.97  -5  70  -90 0.6657
20160907_181326  42.803   13.243  1.0 3.30 320  45  -85 0.5438
20160908_062553  42.953   13.157  1.0 2.97 345  45  -75 0.4972
20160910_022939  42.837   13.262  3.0 2.89 195  55  -55 0.6989
20160910_142336  42.957   13.161  1.0 2.96 160  60  -75 0.5931
20160910_170002  42.786   13.235  3.0 3.20 150  55  -80 0.5185
20160911_045801 42.00   21.51   15.0 3.79 120 75  -50 0.6276
20160911_131007 41.98   21.50   14.0 4.93 125 75  -35 0.7113
20160911_183902  42.681   13.280  4.0 3.24 150  50  -85 0.6184
20160912_021059  42.797   13.224  2.0 2.99 155  45  -75 0.3992
20160912_175352 42.00   21.47   13.0 3.85 140 80   10 0.7781
20160913_110420  42.583   13.204 15.0 3.34 150  70  -40 0.5135
20160914_160649  42.856   13.256  2.0 2.93 170  40  -25 0.6262
20160915_135129  42.779   13.128  2.0 2.91 330  60  -85 0.4169
20160915_144052  42.784   13.132  2.0 3.72 190  30  -80 0.5827
20160915_144351  42.776   13.132  2.0 3.50 200  35  -75 0.5328
20160915_144424  42.778   13.136  1.0 3.26 165  35  -90 0.4797
20160915_165144  42.748   13.140  1.0 2.79 350  50  -95 0.4895
20160915_172754  42.763   13.087  7.0 3.07 270  20  -45 0.7126
20160917_073521  42.844   13.233  5.0 3.21 150  35  -65 0.5393
20160918_015535  42.677   13.286  4.0 3.12 325  80  -50 0.4641
20160918_035149  42.821   13.250  2.0 2.99 205  50  -25 0.6695
20160918_164809  39.036   16.447 17.0 3.29 280  25  -60 0.6455
20160919_164955  42.679   13.288  4.0 2.88 315  75  -60 0.6619
20160919_233425  42.674   13.284  4.0 3.67 325  65  -55 0.6215
20160920_012053  42.677   13.290  4.0 3.20 325  90  -70 0.6742
20160920_033002  42.806   13.155  6.0 2.92 300  75  -70 0.6803
20160920_033019  42.806   13.155  6.0 2.92 130  90   70 0.6237
20160921_070723  42.805   13.151  5.0 3.38  -5  90  -80 0.6115
20160922_075420  42.785   13.126  2.0 2.79 320  75  -85 0.4721
20160922_200354  42.758   13.185  5.0 3.48 335  60  -80 0.5977
20160923_231120 45.76   26.63   92.0 5.60 100 35   65 0.5155
20160930_192228  42.896   13.248  5.0 3.40 175  60  -75 0.5962
20160930_193837  42.895   13.243  5.0 3.54 175  60  -70 0.5577
20161002_194119 42.50   19.19   24.0 3.81 260 70   55 0.5613
20161002_234707  42.790   13.230  2.0 3.24 140  55  -80 0.4678
20161004_124135  42.856   13.118  5.0 3.45 340  50  -50 0.5852
20161005_122931  42.638   13.219  7.0 3.14 165  30  -75 0.4933
20161006_160944  42.879   13.140  5.0 2.83 345  25  -75 0.4090
20161007_072707 46.54    9.54   13.0 3.50 320 45  -40 0.7268
20161007_074606  42.901   13.250  5.0 3.23 160  65  -75 0.5193
20161008_081501  42.780   13.200  6.0 2.90  90  65  -55 0.5541
20161008_121903  42.750   13.182  3.0 3.58 335  45  -85 0.5903
20161008_124058  42.751   13.193  4.0 3.12 155  45  -85 0.6166
20161008_181109  42.743   13.193  3.0 3.91 165  45  -80 0.6154
20161009_024728  42.744   13.195  3.0 3.06 165  70  -85 0.4840
20161009_044242  42.744   13.195  3.0 3.50 160  60  -85 0.5292
20161011_073250  42.856   13.253  1.0 2.80 140  40  -70 0.5681
20161011_212410  42.867   13.074  5.0 3.14 325  55  -70 0.5479
20161014_040920  42.632   13.329  5.0 3.29 165  40  -80 0.5214
20161015_013054  42.892   13.256  3.0 3.12 145  60  -55 0.4827
20161016_074826  42.750   13.176  3.0 3.04 180  60  -70 0.5584
20161016_093235  42.754   13.177  3.0 3.95 175  45  -80 0.5631
20161016_142824  42.846   13.153  5.0 3.23 355  70  -85 0.6100
20161020_000954  40.756   15.652 16.0 3.49 245  10    5 0.6155
20161023_081835  43.188   11.054  9.0 3.53 155  25   30 0.5596
20161024_144411 46.33    7.58   13.0 3.62 185 50   35 0.5935
20161024_184118  43.379   12.546  1.0 2.92 145  60  -80 0.5498
20161025_165300  43.601   10.994  8.0 3.94 350  65   -5 0.5534
20161026_171036  42.879   13.129  5.0 5.30 160  30  -85 0.6813
20161026_183919  42.881   13.092  6.0 3.30 175  25  -75 0.6248
20161026_190029  42.907   13.116  5.0 3.33 165  45  -75 0.5687
20161026_190547  42.889   13.127  5.0 3.04 350  60  -75 0.5799
20161026_191805  42.915   13.128  5.0 5.87 335  45  -95 0.7812
20161026_194343  42.893   13.069  6.0 3.87 175  75   55 0.5594
20161026_212451  42.867   13.078  5.0 3.73 165  25  -75 0.6341
20161026_213313  42.817   13.255  4.0 3.00 235  45   15 0.4694
20161026_214201  42.861   13.128  5.0 4.48 330  60  -90 0.5119
20161026_215252  42.861   13.209  4.0 3.31  45  25  -30 0.4358
20161026_221127  42.934   13.157  2.0 3.14 235  35   10 0.4712
20161026_221634  42.873   13.120  5.0 3.19 180  30  -95 0.4997
20161026_235230  42.841   13.174  3.0 3.44 150  60  -70 0.5058
20161027_001319  42.837   13.172  2.0 3.03  -5  60  -45 0.4473
20161027_002129  42.992   13.118  2.0 3.26 320  35  -95 0.4843
20161027_005934  42.892   13.059  7.0 3.17 175  45  -55 0.5170
20161027_031927  42.844   13.150  5.0 3.96 165  30  -85 0.5858
20161027_035024  42.986   13.127  3.0 4.10 350  70  -80 0.5355
20161027_071207  42.866   13.134  3.0 3.22 220  30  -35 0.4982
20161027_082145  42.873   13.100  5.0 4.32 180  30  -80 0.5886
20161027_083837  42.963   13.148  1.0 3.01 160  80  -45 0.5675
20161027_121900  43.022   13.127  1.0 3.28 345  35  -65 0.5085
20161027_122915  43.023   13.136  1.0 3.05   5  40  -40 0.4738
20161027_140905  42.792   13.160  5.0 3.22 185  30  -80 0.5913
20161027_161450  42.954   13.068  7.0 3.13 195  35  -45 0.4622
20161027_172223  42.841   13.100  5.0 4.26 180  20  -85 0.6201
20161027_172343  42.846   13.108  5.0 3.85  -5  65  -90 0.6201
20161027_172733  43.011   13.120  2.0 3.30 350  50  -65 0.6004
20161027_233550  42.868   13.155  3.0 3.07 175  55  -35 0.5968
20161028_011944  42.816   13.119  5.0 3.24 180  35  -70 0.5715
20161028_015509  42.995   13.144  2.0 3.23 140  55  -90 0.6211
20161028_021319  43.029   13.123  2.0 3.29  15  60  -30 0.5914
20161028_023353  42.993   13.149  2.0 3.22 335  40  -70 0.4422
20161028_030012  43.004   13.140  2.0 3.15 145  50  -85 0.5965
20161028_035114  42.860   13.044  8.0 3.18 200  50  -30 0.5435
20161028_053451  42.893   13.178  2.0 3.06 330  50  -80 0.4886
20161028_081052  42.960   13.140  3.0 3.04 350  45  -35 0.4382
20161028_091213  42.925   13.112  5.0 3.29 335  55  -60 0.6564
20161028_135632  42.865   13.214  1.0 3.35 150  55  -85 0.4291
20161028_155659  42.788   13.119  8.0 3.63 340  75  -40 0.6081
20161028_195631  42.866   13.162  5.0 3.68   0  75  -80 0.5950
20161028_220016  42.805   13.142  5.0 3.18 175  30  -75 0.6140
20161028_231810  42.880   13.094  6.0 3.37 170  25  -70 0.5814
20161029_084854  42.992   13.049  6.0 3.36 175  30  -55 0.6610
20161029_101625  42.849   13.153  3.0 3.31  25  85   70 0.5717
20161029_142851  43.020   13.100  3.0 3.00   5  40  -35 0.5364
20161029_151619  42.876   13.195  1.0 3.08 325  55  -90 0.4949
20161029_162433  42.814   13.096  7.0 4.08 150  40  -90 0.5847
20161029_171426  42.962   13.076  5.0 3.12 185  35  -45 0.6106
20161029_220808  42.826   13.101  5.0 3.21 185  30  -80 0.4778
20161029_230134  43.065   13.067  5.0 3.26 160  65  -65 0.6386
20161030_064017  42.840   13.110  2.0 6.33 150  55  -90 0.6296
20161030_083421  42.857   13.053  8.0 3.74 165  90   55 0.6256
20161030_083558  42.832   13.083  8.0 4.25   5  75  -80 0.7201
20161030_084119  42.885   13.189  2.0 3.64 175  50  -55 0.5424
20161030_085755  42.714   13.216  7.0 3.43 155  55  -55 0.5189
20161030_090229  42.931   13.207  4.0 3.37  40  45   50 0.4621
20161030_090329  42.858   13.106  3.0 3.37 345  80   35 0.4459
20161030_095103  42.837   13.118  5.0 3.48 350  65  -80 0.5534
20161030_102434  42.937   13.203  2.0 3.61 350  50  -65 0.5444
20161030_102624  42.836   13.071  7.0 3.59 335  75  -90 0.5951
20161030_104941  44.176   12.243 10.0 3.66 175  30   20 0.4530
20161030_105037  42.783   13.084  7.0 3.75 210  20  -55 0.5128
20161030_110049  42.816   13.094  6.0 3.52 170  25  -70 0.6114
20161030_110554  42.920   13.186  2.0 3.58 165  50  -55 0.5387
20161030_112021  42.803   13.188  7.0 3.53 165  65  -80 0.6751
20161030_112108  43.065   13.067  5.0 3.98 160  60  -70 0.6696
20161030_112652  42.849   13.121  9.0 3.22 180  35  -40 0.4691
20161030_114001  42.892   13.144  5.0 3.47 325  55  -75 0.5919
20161030_115817  42.840   13.056  9.0 4.04 160  90   85 0.7422
20161030_120700  42.844   13.078  6.0 4.50 155  15  -85 0.6644
20161030_122617  42.931   13.197  2.0 3.66 345  55  -60 0.4920
20161030_123219  42.847   13.144  3.0 3.31 175  15  -85 0.4988
20161030_123507  42.917   13.153  2.0 3.32 165  45  -60 0.4691
20161030_123838  42.919   13.185  4.0 3.07 185  55   20 0.4959
20161030_124012  42.913   13.195  2.0 3.19 165  50  -65 0.5013
20161030_124921  42.735   13.186  2.0 3.10  20  35  -45 0.4912
20161030_125740  42.904   13.202  2.0 3.26 165  40  -85 0.5933
20161030_130231  42.729   13.153  6.0 3.27 160  45  -85 0.5766
20161030_131416  42.766   13.061  7.0 3.34 165  40  -65 0.5941
20161030_131831  42.806   13.195  7.0 3.15  -5  20  -85 0.6239
20161030_132128  43.020   13.125  1.0 3.45 335  45  -90 0.5624
20161030_132323  43.011   13.119  4.0 3.26 175  15  -35 0.4004
20161030_133454  42.803   13.165  6.0 4.09 155  75  -50 0.5772
20161030_134205  42.901   13.222  4.0 3.31  85  60  -25 0.4084
20161030_134726  42.905   13.199  1.0 3.06 160  40  -50 0.4406
20161030_140318  42.937   13.210  1.0 3.54 350  35  -80 0.4961
20161030_140720  42.790   13.069  7.0 3.23 165  20  -75 0.5622
20161030_141419  42.906   13.200  2.0 3.46 345  45  -80 0.5777
20161030_141439  42.783   13.087  7.0 3.75 355  15  100 0.6374
20161030_142227  42.683   13.208  5.0 3.08 210  30  -45 0.5081
20161030_142444  42.763   13.064  6.0 3.39 260  10  -10 0.6818
20161030_144522  42.896   13.159  2.0 3.60 335  60  -65 0.5193
20161030_144822  42.931   13.212  3.0 3.00 185  85  -35 0.4512
20161030_145034  42.688   13.186  7.0 3.11 210  25  -50 0.5729
20161030_151120  42.938   13.203  2.0 3.23 165  65  -80 0.5095
20161030_151408  42.933   13.201  2.0 3.14 345  45  -65 0.4894
20161030_151807  42.842   13.045  7.0 3.02 190  25  -65 0.5123
20161030_151903  42.795   13.136  6.0 3.27   0  35  -80 0.5550
20161030_152506  42.774   13.200  3.0 2.94 335  50  -65 0.4682
20161030_153149  42.864   13.095  8.0 2.95 220  55  -50 0.5343
20161030_160721  43.065   13.066  5.0 3.59 160  55  -70 0.5857
20161030_161352  42.819   13.157  6.0 3.05  60  25   10 0.5507
20161030_161542  42.782   13.170  5.0 2.97 300  20  -55 0.4753
20161030_161835  42.827   13.050  6.0 3.18 330  70  -90 0.5492
20161030_165045  42.925   13.211  3.0 2.90 180  55  -40 0.4421
20161030_170731  43.066   13.068  5.0 3.15 160  60  -75 0.5382
20161030_171314  42.810   13.095  7.0 2.99 215  55   30 0.5706
20161030_173026  42.871   13.075  7.0 3.10 185  45  -40 0.5040
20161030_173209  42.889   13.159  2.0 3.44 335  45  -70 0.5483
20161030_174732  42.950   13.182  4.0 3.02 170  75   35 0.3750
20161030_174913  42.913   13.140  6.0 3.57 175  50  -60 0.5957
20161030_175359  42.876   13.212  2.0 3.15 190  35  -35 0.5146
20161030_180657  42.916   13.215  1.0 2.79 350  40  -70 0.4172
20161030_182109  42.790   13.152  1.0 3.85 175  45  -90 0.5557
20161030_183929  42.814   13.096  5.0 3.40 140  20  -95 0.6205
20161030_185818  42.801   13.147  1.0 3.05   0  45  -80 0.4884
20161030_203118  42.809   13.090  8.0 2.99 155  70   60 0.4125
20161030_204708  42.934   13.199  4.0 3.29  15  65   25 0.4925
20161030_205216  42.943   13.137  6.0 3.27 170  35  -70 0.5394
20161030_221342  42.800   13.165  1.0 2.81 -10  45  -95 0.4867
20161030_221943  42.912   13.158  1.0 3.29 150  50  -80 0.5197
20161030_224416  42.902   13.198  4.0 3.06  30  60   20 0.5478
20161030_224703  42.807   13.194  7.0 3.41 175  70  -70 0.6749
20161030_230659  42.916   13.207  4.0 3.19  20  65   35 0.4375
20161030_230910  42.914   13.046  7.0 3.31 165  45  -55 0.6027
20161030_232639  42.717   13.176  1.0 2.89 255  85   -5 0.4997
20161030_235229  42.780   13.117  7.0 3.44 205  15  -45 0.5952
20161030_235619  42.828   13.090  4.0 3.54 250  60   25 0.4215
20161031_001110  42.782   13.103  7.0 3.20 340  85  -45 0.6665
20161031_001635  42.747   13.188  4.0 2.98  20  55  -10 0.5586
20161031_001758  42.733   13.186  2.0 2.85 175  50  -70 0.6116
20161031_003030  42.746   13.127  7.0 3.34 185  20  -55 0.6465
20161031_004531  42.804   13.095  7.0 3.19 210  25  -70 0.6348
20161031_005051  42.994   13.114  2.0 2.82 145  65  -70 0.5012
20161031_010133  42.794   13.035  6.0 3.37 155  90   75 0.7299
20161031_013525  42.739   13.180  6.0 2.98 305  60  -60 0.5715
20161031_014821  42.903   13.148  2.0 3.40 160  60  -65 0.6360
20161031_020223  42.785   13.118 11.0 3.11 190  55   15 0.5930
20161031_023409  42.781   13.106  7.0 2.94 325  85  -65 0.6135
20161031_024941  43.070   13.066  5.0 3.55 165  60  -70 0.6117
20161031_025914  42.619   13.303  5.0 3.46 160  65  -85 0.6844
20161031_030545  42.842   13.055  5.0 3.17 345  75   10 0.7493
20161031_032740  42.766   13.085  7.0 4.03 240  15  -25 0.6939
20161031_033237  42.946   13.191  2.0 3.61 345  55  -40 0.5189
20161031_033746  42.720   13.190  4.0 2.95 170  40  -85 0.6141
20161031_034925  42.941   13.139  7.0 3.06 200  40  -40 0.6308
20161031_042028  42.893   13.186  2.0 3.23 330  50  -80 0.5216
20161031_042218  42.842   13.057  7.0 3.38 340  60  -90 0.5514
20161031_044916  42.791   13.068  6.0 3.21 185  25  -55 0.6326
20161031_051805  42.774   13.210  3.0 3.12 145  40  -80 0.6279
20161031_061719  42.771   13.207  5.0 3.74 150  45  -75 0.5416
20161031_070544  42.841   13.129  5.0 3.98  -5  70  -85 0.5996
20161031_083733  43.025   13.077  5.0 3.44 165  55  -65 0.5965
20161031_084035  42.806   13.136  5.0 3.42 160  30  -80 0.6035
20161031_085809  42.807   13.193  7.0 3.23 165  75  -65 0.6000
20161031_093417  42.816   13.151  7.0 3.48  30  45  -35 0.6710
20161031_093706  42.908   13.114  8.0 2.90 195  45   -5 0.5436
20161031_101838  42.903   13.210  2.0 2.87 200  50  -60 0.5328
20161031_110306  42.773   13.077  7.0 3.07 185  40   -5 0.6223
20161031_112333  42.692   13.271  7.0 3.06 340  80  -80 0.5778
20161031_121515  42.922   13.217  2.0 3.13 345  50  -75 0.4941
20161031_143125  43.056   13.127  2.0 2.92  10  45  -40 0.4721
20161031_150804  42.752   13.145  8.0 3.12 230  55   -5 0.5830
20161031_155527  42.900   13.145  5.0 3.30 150  55  -75 0.5171
20161031_171444  42.765   13.052  6.0 3.18 160  75   75 0.5859
20161031_174031  42.945   13.197  2.0 3.22 330  50  -80 0.4644
20161031_175819  42.738   13.149  1.0 2.98 215  65  -65 0.4859
20161031_202416  42.940   13.215  2.0 3.07   0  35  -40 0.4742
20161031_210909  42.892   13.182  4.0 3.01   5  60   20 0.4309
20161031_222453  42.806   13.048  7.0 3.21 165  30  -35 0.5839
20161031_235553  42.946   13.199  1.0 3.13 340  50  -75 0.5627
20161101_003636  42.854   13.084  8.0 3.04 210  30  -35 0.6069
20161101_004034  42.931   13.059  6.0 3.01 205  30  -35 0.6018
20161101_023548  42.663   13.216  7.0 3.23 165  40  -65 0.6675
20161101_024409  42.775   13.032  7.0 2.84 235  25    0 0.4753
20161101_031905  42.909   13.309 17.0 3.49 340  35  -40 0.6629
20161101_045541  42.776   13.144  6.0 2.97 340  45  -80 0.5206
20161101_063605  43.008   13.143  1.0 3.32 340  40  -80 0.6543
20161101_064333  43.014   13.140  1.0 3.15 340  45  -80 0.6193
20161101_075639  42.999   13.158  7.0 4.60  15  60  -10 0.6314
20161101_104733  43.607   11.008  9.0 3.27 180  70   30 0.5108
20161101_113243  42.734   13.206  5.0 3.14 155  60  -65 0.5566
20161101_114151  42.686   13.152  9.0 3.05 215  55   25 0.6180
20161101_131152  42.901   13.159  3.0 2.95 170  50  -45 0.5212
20161101_151343  42.905   13.169  1.0 3.39 145  45  -85 0.4852
20161101_160059  42.795   13.105 11.0 3.18 180  40  -20 0.6630
20161101_163030  42.933   13.208  2.0 3.28 335  45  -90 0.5394
20161101_170534  42.802   13.099  7.0 3.19 330  55  -65 0.6232
20161101_175913  42.806   13.135  8.0 3.35 130  75  -65 0.6527
20161101_184750  42.729   13.220  6.0 3.32 185  25  -45 0.6069
20161101_190320  42.801   13.032  7.0 3.67 335  80  -80 0.7055
20161102_053058  42.913   13.134  5.0 2.94 210  45  -30 0.6037
20161102_055236  43.039   13.057  6.0 2.92 175  30  -55 0.6374
20161102_060748  42.777   13.081  6.0 3.15 225  30  -10 0.6786
20161102_060848  43.035   13.056  6.0 3.33 145  25  -90 0.7034
20161102_064113  42.796   13.166  6.0 3.23 350  45  -40 0.7057
20161102_073722  42.713   13.192  5.0 3.13 235  60  -40 0.6448
20161102_092743  43.001   13.151  1.0 2.99 145  45  -95 0.5433
20161102_111352  42.778   13.205  3.0 3.09 330  60  -60 0.5455
20161102_142559  42.885   13.147  7.0 3.18 185  40  -60 0.6114
20161102_151730  42.800   13.153  7.0 2.80 310  20  -20 0.6582
20161102_155302  43.031   13.045  6.0 3.26 340  65  -80 0.5488
20161102_165651  42.893   13.150  5.0 3.02 125  45 -110 0.4967
20161102_192647  42.928   13.207  2.0 3.11  15  75   20 0.4467
20161102_192741  42.941   13.147  5.0 3.27 165  30  -75 0.5370
20161102_193749  42.878   13.068  1.0 3.61 155  40  -80 0.5020
20161102_203611  42.898   13.202  2.0 2.75  10  60    5 0.4898
20161102_215733  42.881   13.185  2.0 3.29 335  45  -75 0.4777
20161102_221056  43.041   13.057  5.0 3.06 340  55  -70 0.5937
20161103_003501  43.029   13.049  5.0 4.69 160  20  -75 0.5780
20161103_010819  42.858   13.075  9.0 2.84 185  60  -80 0.4993
20161103_011831  42.655   13.314  2.0 3.05 345  25  -80 0.4982
20161103_014629  43.025   13.065  5.0 2.96 325  70  -90 0.6884
20161103_023832  42.970   13.149  5.0 3.20 155  55  -55 0.5188
20161103_073907  42.834   13.121  6.0 3.35 150  35  -90 0.5437
20161103_101413  42.782   13.206  4.0 3.09 215  25  -65 0.5770
20161103_115917  42.909   13.220  2.0 3.36 200  50  -45 0.4827
20161103_122220  42.922   13.203  2.0 3.21 180  55  -60 0.5544
20161103_131045  42.693   13.178  9.0 3.73 165  35  -75 0.5733
20161103_144129  42.994   13.076  5.0 3.37 185  25  -60 0.5987
20161103_172634  43.035   13.065  6.0 3.11 155  35  -75 0.5098
20161103_191639  43.016   13.054  5.0 3.06 210  20  -40 0.5221
20161103_203240  42.794   13.110  7.0 3.10 260  25  -15 0.8014
20161103_211024  42.758   13.054  7.0 3.12 155  40  -70 0.5922
20161103_232435  42.866   13.099  7.0 2.93 195  50  -40 0.7073
20161104_001732  42.871   13.070  7.0 3.22 165  25  -75 0.6675
20161104_020843  42.677   13.207  9.0 3.19 180  50  -50 0.7766
20161104_042954  42.899   13.165  2.0 2.94 140  60  -90 0.6684
20161104_061311  42.785   13.144  6.0 3.01 155  35  -80 0.5699
20161104_095828  43.010   13.072  5.0 3.00 325  45  -95 0.5193
20161104_104833  42.871   13.133  3.0 3.12 335  50  -50 0.5360
20161104_143131  42.980   13.135  3.0 2.83  10  65  -30 0.4233
20161104_234521  42.790   13.135  6.0 3.33 140  35 -100 0.6112
20161105_004206  42.832   13.232 11.0 3.06 315  75  -50 0.5299
20161105_020925  42.883   13.134  3.0 2.84  -5  65  -80 0.5281
20161105_064633  43.062   13.065  5.0 2.93 160  40  -75 0.7223
20161105_081740  42.699   13.147  8.0 3.11 325  80  -80 0.7741
20161105_082530  42.679   13.182  7.0 2.97 175  50  -55 0.6890
20161105_094543  42.910   13.194  2.0 3.11 175  35  -50 0.5527
20161105_110524  42.937   13.212  1.0 3.17 170  60  -75 0.4400
20161105_110545  42.949   13.230  1.0 3.59 155  55  -95 0.4776
20161105_111526  42.948   13.218  1.0 3.11 155  55  -75 0.6146
20161105_140954  42.787   13.180  7.0 2.94 350  55  -35 0.5588
20161105_144520  42.979   13.127  2.0 3.32 180  45  -65 0.6437
20161105_175251  42.750   13.193  2.0 3.31 345  35  -85 0.6034
20161105_191158  42.955   13.204  1.0 3.23 155  60  -70 0.7049
20161105_192345  42.943   13.216  2.0 2.87 175  70  -70 0.5945
20161105_212911  42.726   13.191  5.0 3.40 180  50  -60 0.5739
20161105_222756  43.039   13.093  2.0 2.95   5  90    0 0.7965
20161105_223205  42.951   13.205  2.0 3.07 165  45  -55 0.7124
20161106_031931  43.062   13.061  5.0 3.62 165  30  -60 0.4804
20161106_044425  42.778   13.200  4.0 3.13 315  65  -60 0.6059
20161106_181519  42.806   13.185  6.0 3.41 140  65  -75 0.5255
20161107_070557  42.875   13.191  2.0 3.08 330  50  -85 0.6010
20161107_123433  42.867   13.079  9.0 3.19 325  20   40 0.6821
20161107_165832  43.016   13.136  2.0 3.24 145  40  -95 0.5021
20161107_183541  42.899   13.178  1.0 2.73 135  40  -85 0.5790
20161107_185616  42.888   13.151  9.0 3.73 180  30  -60 0.6594
20161108_052018  42.898   13.184  2.0 3.01 200  35  -45 0.6655
20161108_081627  42.826   13.045  7.0 3.22 180  20  -60 0.7416
20161108_200056  42.812   12.766  7.0 3.33 290  70  -55 0.7238
20161109_010727  42.551   13.250  3.0 3.04 345  35  -90 0.7140
20161109_031508  43.001   13.149  2.0 3.38 340  45  -90 0.4566
20161109_035010  42.996   13.157  2.0 2.98 360  40  -65 0.6199
20161109_061310  42.661   13.192  9.0 3.60 180  50  -60 0.6491
20161109_062955  42.728   13.177  9.0 3.28 185  55  -80 0.6358
20161110_135059  42.886   13.132  3.0 3.44 185  25  -85 0.5239
20161110_195434  42.783   13.055  7.0 3.34 135  90   80 0.7889
20161112_090407  42.901   13.175  2.0 2.94 150  35  -80 0.5902
20161112_123411  42.997   13.135  2.0 3.73 160  50  -85 0.4966
20161112_125918  42.995   13.141  2.0 3.55 165  50  -80 0.4872
20161112_144333  42.723   13.209  5.0 4.10 165  45  -80 0.6241
20161112_183240  42.937   13.204  1.0 2.91 175  60  -85 0.7010
20161112_191830  43.031   13.067  5.0 2.98 345  65  -80 0.5135
20161112_223223  42.796   13.139  6.0 3.53  -5  40  -90 0.6342
20161112_225110  42.916   13.210  3.0 3.16  10  70  -15 0.6908
20161112_231937  42.817   13.095  8.0 3.05  10  65  -80 0.6441
20161112_235536  42.819   13.098 10.0 3.02 240  70   20 0.6040
20161113_031552  42.545   13.234  3.0 3.17 355  35  -60 0.5959
20161113_230151  42.950   13.086  6.0 3.21 180  45  -55 0.5389
20161114_013343  42.860   13.158  8.0 3.88 190  35  -50 0.6760
20161114_053242  43.012   13.065  5.0 3.14 350  60  -70 0.5334
20161114_142513  42.985   13.058  6.0 3.15 140  10 -105 0.7348
20161114_194952  42.941   13.152  9.0 3.67 180  40  -75 0.6638
20161115_170436  43.032   13.075  3.0 3.00 160  55  -70 0.6453
20161115_183058  43.030   13.078  5.0 3.21 315  35  -95 0.6396
20161115_225752  42.750   13.212  5.0 3.17  -5  50  -90 0.6194
20161116_094102  43.038   13.107  2.0 2.87  25  60   30 0.6720
20161116_115222  42.803   13.133  7.0 3.80 125  80  -75 0.7088
20161116_115936  43.035   13.101  2.0 2.83 185  85  -35 0.5972
20161117_231651  42.768   13.198 10.0 3.32 210  45  -20 0.5769
20161119_011238  43.006   13.072  6.0 3.22 145  35  -90 0.6311
20161119_194820  42.858   13.191  4.0 3.08 345  65   20 0.7105
20161120_014152  42.638   13.219  8.0 3.24 260  60  -20 0.7020
20161120_115219  42.951   13.162  9.0 3.16 180  30  -80 0.5956
20161121_030511  44.434    9.793  4.0 3.18 335  35  -80 0.6010
20161121_034904  43.014   13.076  5.0 3.07 330  55  -75 0.5490
20161121_101429  43.017   13.084  4.0 2.94 315  50  -85 0.5475
20161122_084525  43.010   13.134  2.0 2.85 335  45  -80 0.5656
20161123_000242  42.835   13.123  5.0 3.46 160  35  -85 0.6747
20161123_013414  42.928   13.153  2.0 3.16 350  60  -45 0.7215
20161123_062124  43.046   13.101  3.0 2.88 195  90  -15 0.6827
20161123_075445  43.047   13.097  3.0 3.15  10  85   10 0.7520
20161123_211117  42.718   13.281 10.0 3.17 200  25  -35 0.7473
20161125_114909  43.015   13.079  5.0 3.13 330  55  -70 0.6286
20161125_133913  42.993   13.154  2.0 2.79 160  55  -75 0.7626
20161126_043437  42.863   12.936  3.0 3.11 350  65    0 0.7102
20161127_035707  42.803   13.212  5.0 3.37 140  55  -65 0.5368
20161127_154107  43.011   13.072  5.0 3.12 335  65  -75 0.6939
20161127_161639  43.014   13.075  3.0 3.10 335  55  -50 0.7408
20161127_190919  43.016   13.082  5.0 3.59 325  50  -70 0.6016
20161127_193428  43.015   13.077  5.0 3.66 330  45  -85 0.6112
20161127_195112  43.020   13.069  4.0 3.02 175  45  -75 0.7727
20161127_204018  43.015   13.069  4.0 2.96 130  55  -95 0.6875
20161127_214114  43.019   13.073  5.0 3.86 325  45  -80 0.6318
20161128_051243  42.648   13.216  8.0 3.16 225  65   15 0.6157
20161128_063542  42.814   12.763  5.0 3.18 280  65  -60 0.6060
20161128_075328  43.017   13.069  5.0 3.61 330  45  -80 0.6312
20161128_162142  43.019   13.073  5.0 3.42 160  30  -75 0.6900
20161128_222840  43.018   13.073  5.0 3.48 335  50  -70 0.6188
20161129_015259  42.814   12.776  5.0 3.35 265  50  -80 0.6269
20161129_033534  42.761   13.241  7.0 3.48 335  55  -85 0.5928
20161129_092900  43.015   13.123  2.0 3.06 155  50  -80 0.5986
20161129_161402  42.533   13.294  7.0 4.34 170  20  -75 0.6433
20161130_140306  42.747   13.251  9.0 3.03 245  25  -10 0.5902
20161201_113053  43.002   13.078  5.0 3.96 160  35  -80 0.5070
20161201_165718  43.040   13.069  6.0 3.16 155  35 -100 0.7057
20161201_200733  43.041   13.069  6.0 3.06 325  50  -90 0.6438
20161202_151942  43.007   13.137  2.0 2.99 340  40  -80 0.6833
20161203_020656  42.994   13.077  5.0 3.18 330  60  -85 0.6200
20161203_225605  43.014   13.065  5.0 3.14 150  30  -70 0.7412
20161204_202220  43.044   13.095  3.0 3.29 190  90   10 0.8111
20161205_102019  42.564   13.285  6.0 3.15 335  55  -85 0.7635
20161206_021349  40.543   15.823 10.0 3.72 145  40  -60 0.4703
20161206_065827  42.881   13.159  5.0 2.87 200  40  -30 0.5898
20161206_103915  42.829   13.013  1.0 2.94 330  50  -50 0.5938
20161206_151941  43.009   13.066  5.0 2.92 155  40  -80 0.6267
20161206_191206  43.046   13.089  3.0 2.93 175  65  -45 0.6440
20161207_055707  42.865   13.217  7.0 2.95  90  60  -90 0.6444
20161207_142338  42.562   13.283  6.0 3.13 155  25  -75 0.8009
20161208_083240  42.840   13.030  7.0 3.25 325  70  -90 0.7541
20161209_071429  43.016   13.069  5.0 3.41 345  65  -45 0.6286
20161209_072150  44.330   10.500  6.0 3.83 170  50  -65 0.6349
20161209_133720  43.020   13.066  5.0 3.27 330  45  -70 0.6235
20161210_082439  43.018   13.066  4.0 3.02 175  40  -65 0.6380
20161211_125452  42.900   13.113  3.0 4.05  25  65  -70 0.4957
20161211_221225  38.059   14.729  7.0 3.34 230  90  -55 0.4595
20161212_170941  42.741   13.040  8.0 3.40 330  70  -85 0.6720
20161213_214759  42.987   13.073  5.0 3.40 175  20  -75 0.5464
20161214_035400  42.647   13.305  3.0 3.69 340  30  -85 0.6099
20161214_133732  43.018   13.068  5.0 3.24 330  55  -85 0.5610
20161214_134032  43.019   13.060  5.0 3.48 335  55  -75 0.5846
20161214_160856  43.019   13.064  5.0 3.27 340  60  -75 0.5714
20161215_003102  42.557   13.270  6.0 3.18 325  50  -85 0.5866
20161215_151630  42.928   13.163  2.0 3.06 355  60  -35 0.6514
20161217_235411  42.923   13.162  2.0 3.32  -5  70  -55 0.5797
20161218_181659  42.927   13.201  2.0 3.20 350  55  -60 0.6765
20161218_213510  42.922   13.168  2.0 3.00  -5  70  -35 0.6174
20161219_104054  42.781   13.148  6.0 3.19 350  40  -70 0.5564
20161223_233922 42.55   18.54   16.0 4.13 285 15   65 0.6148
20161226_195644  42.924   13.203  2.0 3.42 170  45  -70 0.5447
20170102_033613  42.804   12.752  4.0 3.91 340  65   -5 0.5715
20170102_152130  42.570   13.240  3.0 2.97 180  70  -45 0.6243
20170104_121219  43.013   13.114  1.0 2.73 140  65  -75 0.5665
20170105_113418  42.965   13.070  5.0 3.18 170  40  -40 0.5380
20170105_195259  42.437   13.268  7.0 3.25 345  50  -55 0.6708
20170108_125610  42.427   13.274  7.0 2.99 180  55  -25 0.6639
20170108_234849  42.418   13.277  7.0 3.46 180  55  -30 0.6409
20170112_171423  43.083   13.069  5.0 3.36 175  60  -60 0.5949
20170118_092540  42.547   13.262  6.0 5.12 155  30  -85 0.6717
20170118_101409  42.529   13.282  6.0 5.43 165  50  -80 0.6638
20170118_102523  42.494   13.311  7.0 5.35 150  30  -80 0.7020
20170118_103924  42.537   13.288  7.0 3.91 170  35  -65 0.5182
20170118_110737  42.622   13.243  7.0 4.10 150  40  -80 0.6117
20170118_120139  42.534   13.284  7.0 3.85 160  40  -70 0.6520
20170118_123049  42.508   13.283  9.0 3.35 210  35  -10 0.5910
20170118_131952  42.486   13.274 11.0 3.67 195  45  -25 0.7007
20170118_133336  42.477   13.281 10.0 4.97 205  45  -15 0.7594
20170118_143749  42.508   13.372  7.0 3.40 320  40  -80 0.5363
20170118_144811  42.601   13.314  3.0 3.15 340  45  -70 0.5479
20170118_145226  42.527   13.268  7.0 3.37 190  30  -40 0.5738
20170118_151139  42.515   13.318 12.0 3.44 330  60  -65 0.7056
20170118_151610  42.610   13.298  5.0 4.27 345  40  -60 0.6078
20170118_164517  42.471   13.307  9.0 3.54 250  10   25 0.8053
20170118_170902  42.592   13.249  7.0 3.55 145  25  -85 0.5933
20170118_172744  42.574   13.339  4.0 3.22  45  65   35 0.6596
20170118_180347  42.594   13.317  3.0 3.21 350  55  -50 0.4881
20170118_184234  42.615   13.345  2.0 3.23 345  35  -70 0.5306
20170118_193231  42.581   13.243  7.0 4.16 330  60  -80 0.6053
20170119_102550  42.593   13.295  4.0 3.31 320  50  -75 0.5994
20170119_144200  42.592   13.304  6.0 3.24 355  25  -70 0.5382
20170120_221955  42.603   13.324  3.0 3.04  25  55  -35 0.6123
20170121_035424  42.606   13.321  3.0 3.23  25  55  -25 0.6112
20170121_061734  42.866   13.204  1.0 3.09 170  40  -80 0.5410
20170121_092402  42.635   13.261  8.0 3.18 335  55  -50 0.4696
20170121_093555  42.718   13.214  4.0 3.64 165  55  -70 0.6289
20170127_170758 40.77   19.91   14.0 4.68 110 75   65 0.6293
20170203_034755  42.990   13.022  1.0 3.84 340  45  -85 0.5424
20170203_041005  42.989   13.025  1.0 4.11 155  45  -90 0.5495
20170203_054034  43.002   13.036  2.0 3.85 335  45  -95 0.5439
20170306_201207 46.91    8.92    8.0 4.09 170 80    5 0.7071
20170408_135302 41.80   20.03   22.0 4.71  50 50  -50 0.6977
20170415_110436  41.84    2.65  10.0 3.45  85 85  -80 WEB CUS SLU
20170426_151210  43.00    0.17  11.0 3.61 115 35  -80 WEB CUS SLU
20171025_224558 43.71   17.52   13.0 4.13 245 60  -25 0.5904
20171025_225003 43.71   17.52   16.0 4.35 250 75   20 0.5182
20171025_225808 43.71   17.54   16.0 4.04  80 85   35 0.6765
20171028_190613  42.79    0.23  12.0 3.41 355 70  -55 WEB CUS SLU
20171028_190613 42.79    0.23   12.0 3.41 355 70  -55 0.5702
20171103_125930 43.24   17.77   19.0 4.17 235 35  -45 0.4514
20171103_181540 47.13   11.39   16.0 3.50  20 85   -5 0.5758
20171119_123743  44.660   10.070 20.0 4.28 115  40   55 0.6784
20171203_233411  42.630   13.330  3.0 4.06 330  25  -90 0.5934
20180104_104612 42.67   19.92   17.0 4.96 250 60  -20 0.5675
20180115_115139 38.77   -7.97   15.0 4.33 190 80   -5 0.6149
20180203_125311 43.38   16.83   20.0 4.55 210 85  -15 0.3278
20180211_130525 42.63   19.88   14.0 3.96  85 60  -20 0.5277
20180217_143107 51.76   -3.84   11.0 3.90  15 75  -20 0.4646
20180221_234159 42.03   24.88   14.0 4.21 160 65   15 0.6346
20180404_021945  43.060   13.030  5.0 3.93 170  50  -60 0.5944
20180410_031130  43.070   13.040  5.0 4.57 160  60  -65 0.6551
20180514_004351 50.39   12.19   14.0 3.34   5 80   35 0.4669
20180519_164120  44.820    9.680 19.0 3.86  85  55   55 0.5957
20180607_064517 45.29   18.10   11.0 3.56  75 60   50 0.5793
20180704_090108 41.49   19.53   25.0 5.12 155 75   90 0.5121
20180704_112420 41.51   19.53   25.0 4.43 270 35   55 0.6201
20180717_130508 41.09   19.69   27.0 4.15 260 45   25 0.3692
20180811_153834 41.58   20.12   24.0 5.04  80 65   40 0.7119
20180814_214831  41.850   14.840 12.0 4.56 225  75   10 0.4586
20180816_181904  41.880   14.880 18.0 5.16  10  65    5 0.4314
20180816_202234  41.880   14.880 14.0 4.45 335  80    5 0.4402
20180830_033302 44.05   16.58   16.0 4.50 240 75   15 0.4924
20180907_203504 43.45   17.25   18.0 4.06 235 85  -50 0.4946
20180915_030914 43.83   15.80   14.0 4.12 260 65   20 0.4734
20190101_183746  41.880   13.550 15.0 4.04 145  50  -75 0.6743
20190114_230356  44.370   12.320 16.0 4.39 120  35   80 0.4661
20190403_152951 42.34    1.31    9.0 3.88 165 85   -5 0.7444
20190518_193515  43.060   13.030  5.0 2.95 160  45  -70 0.4009
20190601_070028 40.50   20.84   12.0 4.89 250 70   30 0.6040
20190621_065056 47.15   -0.54   12.0 3.94 185 90   15 0.6808
20190623_204347  41.860   12.760  4.0 3.61 310  45  -90 0.5777
20190813_111717  44.470    9.820  9.0 3.75 120  65  -75 0.6139
20190830_130136 44.64   18.54    8.0 4.25 100 85   85 0.4241
20190921_140425 41.36   19.40   22.0 5.56 335 25   95 0.3521
20191101_052544 40.47   20.75   14.0 4.74 270 60   40 0.5842
20191102_141133 44.32   17.61   18.0 4.78 235 65  -30 0.6158
20191107_173521  41.780   13.610 15.0 4.50 175  40  -35 0.5726
20191111_105245 44.54    4.63   22.0 4.85 215 35   65 0.3877
20191126_025411 41.45   19.44   31.0 6.26 285 15   60 0.6283
20191126_091926 43.20   17.96   21.0 5.18 265 55   30 0.5333
20200322_052403 45.87   16.02    8.0 5.15  55 50   60 0.5770
20200322_060120 45.87   16.00    8.0 4.53 210 70   40 0.5602
20200322_064105 45.89   16.05    8.0 3.38 290 65   80 0.4751
20200508_124744 41.83    2.66   12.0 3.31   5 55  -70 0.5589
20201030_115127 37.92   26.79    8.0 6.85  95 45  -85 0.6519
20201111_035415 41.70   20.80   12.0 4.95 100 60  -25 0.5823
20201111_142513 41.68   20.74   16.0 4.82 285 40   15 0.5348
20201206_071944 41.52   19.43   21.0 4.32 135 65   80 0.5083
20201228_064957 45.42   16.28   11.0 4.45  60 85   15 0.6641
20201229_111954 45.41   16.30   12.0 6.31  45 75   10 0.7949
20201230_051504 45.46   16.22   11.0 4.36  65 65   15 0.5696
20201230_052640 45.44   16.21   10.0 4.40  75 85   20 0.6993
20201230_082122 45.44   16.20    4.0 3.60  50 60   90 0.6235
20210104_064953 45.42   16.23   10.0 4.16 265 50   60 0.6433
20210106_170143 45.44   16.26   13.0 4.74  50 90   10 0.7060
20210107_110645 45.41   16.20   11.0 3.64 245 55   30 0.7872
20210109_212909 45.35   16.35   11.0 4.26  70 50   35 0.6567
20210112_220955 38.39   22.05   11.0 4.94 310 80  -35 0.5974
20210115_120136 45.46   16.01   12.0 3.69 125 60   40 0.6117
20210120_073026 47.62   14.43   13.0 3.86 285 85  -30 0.5636
20210201_083518 39.05   26.11    8.0 5.01 130 70  -35 0.6610
20210218_120840 45.44   16.17    8.0 3.65  70 55   40 0.6811
20210330_162500 47.78   16.18   13.0 3.98  80 35   -5 0.5881
20210406_085420 45.20   16.22   10.0 4.19 270 80   30 0.5344
20210419_225711 47.77   16.13   15.0 3.97 345 25  -40 0.6370
20210614_124631 39.73   20.31   16.0 3.94 295 45   15 0.6012
20210625_231847 42.52   18.54   18.0 4.23 275 20   65 0.5878
20210709_104405 45.41   16.32    9.0 3.35 260 65   20 0.6521
20210816_211540 47.35   12.07   14.0 3.57  50 15   35 0.6136
20210816_235856 45.43   16.27   12.0 4.16  75 70   40 0.7878
20211006_195735 43.68   16.81   18.0 4.37  90 60   80 0.4878
20220422_210750 43.04   18.19   23.0 5.58 285 25   80 0.6578
20220424_042755 43.05   18.15   23.0 4.65 150 70  -75 0.7271
20080906194803 45.8560 26.4780 14.0 4.18  95 20   30 0.7914
20090108120405 41.7670 20.8040 17.0 4.73 110 60  -45 0.8802
20090821133956 41.81   19.18   18.0 4.95 320 30   80 0.6564
20090906214942 41.47   20.40    5.0 5.27  10 35  -90 0.7710
20100310133804 42.83   20.62   16.0 4.61  65 65  -30 0.6975
20100620231354 43.81   17.02   25.0 4.14  65 60   25 0.2705
20100709221511 41.24   19.94   27.0 4.60 120 45   75 0.6203
20100915022117 45.62   14.26   27.0 3.88 250 70   -5 0.5639
20100915022313 45.59   14.25   25.0 3.70 250 80   15 0.3408
20101103005656 43.72   20.62   16.0 5.40 275 70  -10 0.6960
20110428233045 44.81   17.32   16.0 4.32 245 60   35 0.5419
20110506234452 45.05   15.01   22.0 3.93  40 55  -20 0.7332
20110514084553 41.67   20.88   18.0 4.08 125 70  -35 0.6409
20110714214612 43.26   20.83   14.0 4.08 285 80   -5 0.7953
20110716160916 43.21   21.55    3.0 3.94  60 40  -80 0.5386
20110803013607 44.07    3.90   16.0 3.53 125 50   60 0.4793
20110904114745 50.22   12.45   13.0 3.24 180 70  -15 0.4084
20110925131710 42.53   18.57   12.0 3.92 290 25   60 0.5437
20120101235721 45.0    23.56   23.0 4.29 305 55  -70 0.4965
20120522000033 42.69   23.01   12.0 5.49 295 30  -85 0.5122
20120607101715 41.348  20.878   9.0 4.38 215 55  -75 0.5868
20120608034428 41.35   20.88    9.0 4.23  60 35  -75 0.6279
20120727231222 44.20   17.92   16.0 4.43 250 70   30 0.6099
20120730090117 44.18   17.91   12.0 4.19  75 75    5 0.7488
20120904224342 41.13   19.80   22.0 3.90 125 70   70 0.5199
20120922061559 40.18   20.77    9.0 4.65 190 90   10 0.7051
20121112231842 42.56   19.02   26.0 4.42 295 35   95 0.6790
20121127190621 40.79   19.67   21.0 3.92 150 70   65 0.5410 
20121128014945 42.47   20.06   12.0 4.00 275 65  -90 0.5498
20121203043600 46.23   14.77   17.0 3.89  50 70   20 0.6071
20121213213927 41.13   19.73   26.0 4.10 290 50   45 0.6476
20130117132151 43.67   16.44   12.0 3.60 250 65   15 0.4402
20130119214919 40.98   21.18   19.0 3.89  25 80  -50 0.6405
20130125185226 43.26   18.83   16.0 3.92 255 75  -10 0.4994
20130202133535 46.53   14.62   10.0 4.05  75 75   40 0.5773
20130203120059 43.25   18.68   18.0 3.84 275 75  -15 0.4840
20130204042947 43.63   16.35    8.0 3.98 275 35   70 0.5327
20130325072100 41.77   19.95   10.0 3.91 245 80  -70 0.6760
20130328161340 42.34   18.94   15.0 3.72 140 60   20 0.4572
20130420122132 47.23   10.11    2.0 3.13 230 70   45 0.5445
20130422220042 43.24   18.83   14.0 3.46 280 55  -20 0.5144
20130422222847 47.69   20.34    4.0 4.32 310 45   90 0.4624
20130515150242 41.41   19.44   25.0 3.87 120 55   35 0.6339
20130520092403 43.80   17.16   27.0 3.81 265 85  -65 0.5848
20130521225501 43.08   18.74   11.0 3.62  90 80  -10 0.4303
20130605184546 47.97   19.24    6.0 3.83  80 90   10 0.6312
20130616200500 45.79   14.87   15.0 3.76  40 60  -25 0.5393
20130622084109 40.24   19.56   20.0 4.27 305 25   50 0.5609
20130629014018 41.93   20.83    6.0 3.72 250 50  -65 0.5419
20130702104522 40.12   21.86   13.0 4.75  60 45  -80 0.6457
20130702190733 48.00   19.25    5.0 3.60 260 80  -15 0.5131
20130703130911 40.11   21.86   16.0 3.90 240 55  -80 0.6041
20130703132823 40.12   21.85   14.0 4.76  70 45  -65 0.6329
20130727031702 41.92   23.23   14.0 3.62 285 70  -50 0.6306
20130727032156 41.91   23.20   16.0 3.96 280 75  -50 0.7359
20130727043832 40.14   21.84   14.0 3.88 250 60  -70 0.6210
20130730125833 45.14   15.08   17.0 4.26 215 75   30 0.7337
20130920020633 47.94   16.51   17.0 3.70 225 80    5 0.7047
20131002171736 47.99   16.41   16.0 3.63 235 75   -5 0.4675
20131110203528 43.27   19.13   13.0 3.67  80 90   20 0.6196
20131118075841 43.66   16.86   12.0 4.19 245 50   40 0.5617
20131118131503 42.88   21.04   10.0 4.11 100 75  -15 0.5788
20131210183307 42.43   19.27   26.0 4.04  90 45   35 0.6585
20131212005919 47.06    9.49   10.0 3.64 180 85   25 0.6127
20131229065459 43.10   17.30   13.0 4.09 260 40   35 0.4869
20140119013435 48.03   19.41    6.0 3.94  75 75    5 0.4901
20140120060015 41.39   19.48   25.0 4.26 130 50   50 0.4872
20140120073916 41.35   19.63   18.0 3.73 290 50   30 0.5593
20140120144048 41.38   19.45   26.0 4.07 140 45   80 0.5317
20140126190640 43.28   19.96   14.0 4.35  80 75   15 0.4142
20140128000332 45.02   17.12   11.0 4.02 225 75   75 0.3505
20140308150632 41.51   19.44   29.0 3.99 155 70   60 0.6493
20140308151232 41.48   19.43   27.0 4.15 330 20   80 0.4841
20140313173159 45.77   14.79    2.0 4.08 265 50   80 0.4211
20140407192700 44.47    6.69   11.0 4.76  55 55  -15 0.6147
20140417145917 47.60   15.49   20.0 3.53  90 90   35 0.4860
20140421212529 41.79   19.21   18.0 4.19 155 50   80 0.6146
20140422085827 45.65   14.26   17.0 4.39 245 85    0 0.8290
20140504232951 43.14   18.47   21.0 3.77 270 55  -30 0.6123
20140508052610 43.28   19.33   15.0 3.70  70 75    0 0.6532
20140512005432 39.70   20.30   22.0 4.78 125 85   85 0.8083
20140517164627 49.85    8.66   11.0 3.64  30 90  -20 0.4756
20140519005920 40.94   19.77   20.0 4.92  60 60   20 0.6397
20140520044326 40.91   19.87   19.0 4.26  90 70   25 0.6592
20140524143534 50.20   12.41   12.0 3.17  30 60   45 0.4503
20140525210509 42.12   21.26   14.0 3.57 100 80  -30 0.6950
20140529072418 46.04   13.84   17.0 3.54 230 70   -5 0.6061
20140531103720 50.18   12.41   14.0 3.78  35 60   45 0.5921
20140602214716 43.30   19.94   13.0 3.84 255 85  -15 0.6478
20140612114648 44.68    6.78    8.0 3.36 165 15   35 0.7183
20140619135219 43.93   17.16   19.0 3.96 265 10  -15 0.5759
20140622013214 44.50    6.69   12.0 3.38  40 50  -20 0.5781
20140624193953 43.79   24.47   11.0 3.86 315 80    5 0.6234
20140711115430 49.08   -2.51   13.0 3.86   5 85   -5 0.5289
20140830181646 44.49   16.30   17.0 3.81 260 70   15 0.7767
20140930151241 43.06   18.35   21.0 3.96  80 90   80 0.6626
20141002044335 45.17   16.37   11.0 3.75  55 75   55 0.6202
20141031230003 45.16   22.28   14.0 4.14 115 65  -10 0.7338
20141224154121 43.27   20.84   14.0 3.82 130 70   -5 0.4813
20141224154151 43.27   20.84   15.0 3.77 135 70   10 0.6901
20141224224119 43.71   21.67   13.0 3.78 310 65   15 0.7060
20141229203414 41.66   19.26   22.0 4.59 315 55   55 0.6361
20150121013009 42.74   20.41   14.0 3.96  95 85  -35 0.6037
20150205061646 42.69   26.17   16.0 3.97 145 60   65 0.5568
20150205214941 43.27   20.87   14.0 4.02 290 85  -10 0.6971
20150207015622 41.87   20.13   22.0 4.37  45 45  -35 0.7847
20150208174005 41.94   21.00   12.0 3.56 240 65  -35 0.5865
20150308204727 44.10   19.90    9.0 4.37  80 85   10 0.6930
20150401073354 44.30   16.34   16.0 4.00 210 60  -15 0.6742
20150412000533 43.77   18.54   12.0 3.96 235 70  -10 0.6643
20150428161651 44.56   17.60   12.0 3.80 215 85  -30 0.5857
20150515004947 43.05   18.81   20.0 3.90 295 55   25 0.6125
20150601003159 42.85   18.65   25.0 4.05 100 20   60 0.7955
20150706134216 42.38   19.42   25.0 4.24 130 10   95 0.6180
20150829184706 46.34   13.67   10.0 4.05  80 70   65 0.4993
20151101062619 41.37   20.22   25.0 4.80  65 85  -20 0.7055
20151101075235 45.94   15.58    8.0 4.38  65 45   50 0.4135
20160108130741 42.93   18.52   24.0 4.43 270 70   60 0.5877
20160214145130 43.05   17.42   16.0 3.95 265 70   65 0.4897
20160228111718 41.50   22.92   14.0 4.02 285 40  -60 0.6140
20160409130235 45.97   15.65    5.0 3.80  75 50   80 0.5362
20160425102823 48.11   16.16    8.0 3.60 105 65   50 0.5170
20160428064650 46.06   -1.11   14.0 3.91 190 75   -5 0.5347
20160521163309 41.30   21.03   19.0 4.56 230 55  -50 0.6859
20160521164131 41.33   21.03   20.0 4.67 255 30  -40 0.7761
20160522085832 41.61   23.30   17.0 4.32 295 60  -25 0.7444
20160831222052 41.29   20.40   15.0 4.10  65 70  -55 0.7462
20160911045801 42.00   21.51   15.0 3.79 120 75  -50 0.6276
20160911131007 41.98   21.50   14.0 4.93 125 75  -35 0.7113
20160912175352 42.00   21.47   13.0 3.85 140 80   10 0.7781
20160923231120 45.76   26.63   92.0 5.60 100 35   65 0.5155
20161002194119 42.50   19.19   24.0 3.81 260 70   55 0.5613
20161007072707 46.54    9.54   13.0 3.50 320 45  -40 0.7268
20161024144411 46.33    7.58   13.0 3.62 185 50   35 0.5935
20161223233922 42.55   18.54   16.0 4.13 285 15   65 0.6148
20170127170758 40.77   19.91   14.0 4.68 110 75   65 0.6293
20170306201207 46.91    8.92    8.0 4.09 170 80    5 0.7071
20170408135302 41.80   20.03   22.0 4.71  50 50  -50 0.6977
20171025224558 43.71   17.52   13.0 4.13 245 60  -25 0.5904
20171025225003 43.71   17.52   16.0 4.35 250 75   20 0.5182
20171025225808 43.71   17.54   16.0 4.04  80 85   35 0.6765
20171028190613 42.79    0.23   12.0 3.41 355 70  -55 0.5702
20171103125930 43.24   17.77   19.0 4.17 235 35  -45 0.4514
20171103181540 47.13   11.39   16.0 3.50  20 85   -5 0.5758
20180104104612 42.67   19.92   17.0 4.96 250 60  -20 0.5675
20180115115139 38.77   -7.97   15.0 4.33 190 80   -5 0.6149
20180203125311 43.38   16.83   20.0 4.55 210 85  -15 0.3278
20180211130525 42.63   19.88   14.0 3.96  85 60  -20 0.5277
20180217143107 51.76   -3.84   11.0 3.90  15 75  -20 0.4646
20180221234159 42.03   24.88   14.0 4.21 160 65   15 0.6346
20180514004351 50.39   12.19   14.0 3.34   5 80   35 0.4669
20180607064517 45.29   18.10   11.0 3.56  75 60   50 0.5793
20180704090108 41.49   19.53   25.0 5.12 155 75   90 0.5121
20180704112420 41.51   19.53   25.0 4.43 270 35   55 0.6201
20180717130508 41.09   19.69   27.0 4.15 260 45   25 0.3692
20180811153834 41.58   20.12   24.0 5.04  80 65   40 0.7119
20180830033302 44.05   16.58   16.0 4.50 240 75   15 0.4924
20180907203504 43.45   17.25   18.0 4.06 235 85  -50 0.4946
20180915030914 43.83   15.80   14.0 4.12 260 65   20 0.4734
20190403152951 42.34    1.31    9.0 3.88 165 85   -5 0.7444
20190601070028 40.50   20.84   12.0 4.89 250 70   30 0.6040
20190621065056 47.15   -0.54   12.0 3.94 185 90   15 0.6808
20190830130136 44.64   18.54    8.0 4.25 100 85   85 0.4241
20190921140425 41.36   19.40   22.0 5.56 335 25   95 0.3521
20191101052544 40.47   20.75   14.0 4.74 270 60   40 0.5842
20191102141133 44.32   17.61   18.0 4.78 235 65  -30 0.6158
20191111105245 44.54    4.63   22.0 4.85 215 35   65 0.3877
20191126025411 41.45   19.44   31.0 6.26 285 15   60 0.6283
20191126091926 43.20   17.96   21.0 5.18 265 55   30 0.5333
20200322052403 45.87   16.02    8.0 5.15  55 50   60 0.5770
20200322060120 45.87   16.00    8.0 4.53 210 70   40 0.5602
20200322064105 45.89   16.05    8.0 3.38 290 65   80 0.4751
20200508124744 41.83    2.66   12.0 3.31   5 55  -70 0.5589
20201030115127 37.92   26.79    8.0 6.85  95 45  -85 0.6519
20201111035415 41.70   20.80   12.0 4.95 100 60  -25 0.5823
20201111142513 41.68   20.74   16.0 4.82 285 40   15 0.5348
20201206071944 41.52   19.43   21.0 4.32 135 65   80 0.5083
20201228064957 45.42   16.28   11.0 4.45  60 85   15 0.6641
20201229111954 45.41   16.30   12.0 6.31  45 75   10 0.7949
20201230051504 45.46   16.22   11.0 4.36  65 65   15 0.5696
20201230052640 45.44   16.21   10.0 4.40  75 85   20 0.6993
20201230082122 45.44   16.20    4.0 3.60  50 60   90 0.6235
20210104064953 45.42   16.23   10.0 4.16 265 50   60 0.6433
20210106170143 45.44   16.26   13.0 4.74  50 90   10 0.7060
20210107110645 45.41   16.20   11.0 3.64 245 55   30 0.7872
20210109212909 45.35   16.35   11.0 4.26  70 50   35 0.6567
20210112220955 38.39   22.05   11.0 4.94 310 80  -35 0.5974
20210115120136 45.46   16.01   12.0 3.69 125 60   40 0.6117
20210120073026 47.62   14.43   13.0 3.86 285 85  -30 0.5636
20210201083518 39.05   26.11    8.0 5.01 130 70  -35 0.6610
20210218120840 45.44   16.17    8.0 3.65  70 55   40 0.6811
20210330162500 47.78   16.18   13.0 3.98  80 35   -5 0.5881
20210406085420 45.20   16.22   10.0 4.19 270 80   30 0.5344
20210419225711 47.77   16.13   15.0 3.97 345 25  -40 0.6370
20210614124631 39.73   20.31   16.0 3.94 295 45   15 0.6012
20210625231847 42.52   18.54   18.0 4.23 275 20   65 0.5878
20210709104405 45.41   16.32    9.0 3.35 260 65   20 0.6521
20210816211540 47.35   12.07   14.0 3.57  50 15   35 0.6136
20210816235856 45.43   16.27   12.0 4.16  75 70   40 0.7878
20211006195735 43.68   16.81   18.0 4.37  90 60   80 0.4878
20220422210750 43.04   18.19   23.0 5.58 285 25   80 0.6578
